1769073816449 1.6505128145217896 1
1769073832158 2.21757173538208 2
1769073849576 1.790550947189331 3
1769073865398 2.0063083171844482 4
1769073882345 1.8824639320373535 5
1769073898388 1.7265413999557495 6
1769073915055 1.5156251192092896 7
1769073932806 1.731562852859497 8
1769073949496 2.3304481506347656 9
1769073965941 1.650158405303955 10
1769073984450 1.5735456943511963 11
1769074001842 1.3626660108566284 12
1769074019892 1.6829782724380493 13
1769074038365 1.483831524848938 14
1769074056551 1.6457639932632446 15
1769074073754 1.5101244449615479 16
1769074092080 1.407108187675476 17
1769074107961 1.5836646556854248 18
1769074123277 1.5900001525878906 19
1769074140793 1.737503170967102 20
1769074158788 1.4093538522720337 21
1769074175774 1.4165514707565308 22
1769074192668 1.43265962600708 23
1769074209598 1.541619062423706 24
1769074227155 1.415819525718689 25
1769074244577 1.7407128810882568 26
1769074263264 1.480562448501587 27
1769074283374 1.6035213470458984 28
1769074300399 1.5154086351394653 29
1769074316887 1.4885509014129639 30
1769074333277 1.3667333126068115 31
1769074349757 1.4922341108322144 32
1769074366684 1.562787652015686 33
1769074385358 1.509012222290039 34
1769074402002 1.4870301485061646 35
1769074421863 1.5461889505386353 36
1769074438668 1.5237650871276855 37
1769074454943 1.2684575319290161 38
1769074472344 1.4274396896362305 39
1769074489880 1.372818112373352 40
1769074506475 1.5827367305755615 41
1769074522944 1.4779033660888672 42
1769074541647 1.3460992574691772 43
1769074557889 1.4605317115783691 44
1769074577441 1.5397740602493286 45
1769074595053 1.4300788640975952 46
1769074612384 1.1967017650604248 47
1769074627754 1.3484071493148804 48
1769074644483 1.3001391887664795 49
1769074663755 1.4525266885757446 50
1769074682492 1.3918441534042358 51
1769074698244 1.616041660308838 52
1769074715404 1.3276728391647339 53
1769074734248 1.3228709697723389 54
1769074750767 1.4805482625961304 55
1769074766694 1.497650384902954 56
1769074783087 1.5222786664962769 57
1769074800755 1.1839314699172974 58
1769074818689 1.3256721496582031 59
1769074837054 1.1959178447723389 60
1769074853657 1.4847294092178345 61
1769074872578 1.123194694519043 62
1769074889741 1.2316187620162964 63
1769074908803 1.339186668395996 64
1769074926745 1.168310523033142 65
1769074945095 1.167284607887268 66
1769074961258 1.3234633207321167 67
1769074978241 1.2460397481918335 68
1769074995185 1.3659417629241943 69
1769075011094 0.879040539264679 70
1769075029976 1.1764816045761108 71
1769075046244 1.1141726970672607 72
1769075063677 1.1849982738494873 73
1769075081279 1.227679967880249 74
1769075097873 1.222392201423645 75
1769075114281 1.169835090637207 76
1769075131645 1.3287205696105957 77
1769075150343 1.2333931922912598 78
1769075167554 1.3637598752975464 79
1769075184655 1.288265585899353 80
1769075202767 1.1230008602142334 81
1769075220661 1.1807671785354614 82
1769075238786 1.116171956062317 83
1769075255181 1.340470790863037 84
1769075270854 1.3822717666625977 85
1769075287548 1.1118420362472534 86
1769075303842 1.294229507446289 87
1769075320851 1.4967889785766602 88
1769075341958 1.3494759798049927 89
1769075357667 1.2115700244903564 90
1769075375804 1.0634821653366089 91
1769075394391 1.1479681730270386 92
1769075410949 1.1380436420440674 93
1769075426364 1.3174349069595337 94
1769075444361 1.2469276189804077 95
1769075460901 1.0833016633987427 96
1769075479965 1.0782451629638672 97
1769075496098 0.8826334476470947 98
1769075514499 1.028689980506897 99
1769075533944 0.9814273118972778 100
1769075549971 1.3543829917907715 101
1769075568350 0.9959989786148071 102
1769075586844 1.1314667463302612 103
1769075602700 1.4233506917953491 104
1769075621046 1.1578943729400635 105
1769075636746 1.3854087591171265 106
1769075649998 1.3854087591171265 106
