1769073816449 6.4121994972229 1
1769073832158 3.359410285949707 2
1769073849576 2.2369821071624756 3
1769073865398 2.210958957672119 4
1769073882345 2.516873359680176 5
1769073898388 1.4779998064041138 6
1769073915055 1.097256064414978 7
1769073932806 1.696473479270935 8
1769073949496 2.2970194816589355 9
1769073965941 1.0509276390075684 10
1769073984450 1.0243136882781982 11
1769074001842 0.9940040707588196 12
1769074019892 1.2288405895233154 13
1769074038365 0.942827582359314 14
1769074056551 1.235221266746521 15
1769074073754 1.0641955137252808 16
1769074092080 0.9218888282775879 17
1769074107961 0.974778950214386 18
1769074123277 1.130998134613037 19
1769074140793 0.9948559403419495 20
1769074158788 0.7905802726745605 21
1769074175774 0.959373414516449 22
1769074192668 0.8491438627243042 23
1769074209598 0.7806686162948608 24
1769074227155 0.7426322102546692 25
1769074244577 0.9694685339927673 26
1769074263264 0.8291532397270203 27
1769074283374 0.8312675952911377 28
1769074300399 0.9593834280967712 29
1769074316887 0.7288510203361511 30
1769074333277 0.8275731801986694 31
1769074349757 0.7631521821022034 32
1769074366684 1.0824168920516968 33
1769074385358 0.8668054342269897 34
1769074402002 0.8134171366691589 35
1769074421863 0.9097088575363159 36
1769074438668 1.0340096950531006 37
1769074454943 0.6638920307159424 38
1769074472344 0.6212025284767151 39
1769074489880 0.6982537508010864 40
1769074506475 0.7774133682250977 41
1769074522944 0.9465530514717102 42
1769074541647 0.6975851058959961 43
1769074557889 0.9598970413208008 44
1769074577441 0.8008328080177307 45
1769074595053 0.6772462725639343 46
1769074612384 0.6060559153556824 47
1769074627754 0.6917657852172852 48
1769074644483 0.6559257507324219 49
1769074663755 0.7630149126052856 50
1769074682492 0.6166301965713501 51
1769074698244 0.7949556708335876 52
1769074715404 0.6444913148880005 53
1769074734248 0.758604884147644 54
1769074750767 0.7629171013832092 55
1769074766694 0.7378290891647339 56
1769074783087 0.665367066860199 57
1769074800755 0.5451436638832092 58
1769074818689 0.6913672089576721 59
1769074837054 0.5878451466560364 60
1769074853657 0.5918435454368591 61
1769074872578 0.558263897895813 62
1769074889741 0.6726523637771606 63
1769074908803 0.6493579149246216 64
1769074926745 0.6624711751937866 65
1769074945095 0.659220278263092 66
1769074961258 0.7826710939407349 67
1769074978241 0.6078336834907532 68
1769074995185 0.5682367086410522 69
1769075011094 0.5156607627868652 70
1769075029976 0.5566328763961792 71
1769075046244 0.5616303086280823 72
1769075063677 0.6519119143486023 73
1769075081279 0.5145580768585205 74
1769075097873 0.5784282088279724 75
1769075114281 0.5478180646896362 76
1769075131645 0.633732259273529 77
1769075150343 0.6226791739463806 78
1769075167554 0.6133845448493958 79
1769075184655 0.6539713740348816 80
1769075202767 0.5517916679382324 81
1769075220661 0.6340351700782776 82
1769075238786 0.5043013095855713 83
1769075255181 0.6945562362670898 84
1769075270854 0.6277797222137451 85
1769075287548 0.5191020369529724 86
1769075303842 0.6548940539360046 87
1769075320851 0.7558199167251587 88
1769075341958 0.6452346444129944 89
1769075357667 0.6665076613426208 90
1769075375804 0.5520380735397339 91
1769075394391 0.501743733882904 92
1769075410949 0.5679823160171509 93
1769075426364 0.6172960996627808 94
1769075444361 0.6147856712341309 95
1769075460901 0.5155022740364075 96
1769075479965 0.520298421382904 97
1769075496098 0.5008994340896606 98
1769075514499 0.5874703526496887 99
1769075533944 0.5015851259231567 100
1769075549971 0.6932471990585327 101
1769075568350 0.4741666615009308 102
1769075586844 0.5163875818252563 103
1769075602700 0.5412424206733704 104
1769075621046 0.5153133869171143 105
1769075636746 0.5701953172683716 106
1769075649998 0.5701953172683716 106
