1769073816449 1.1029387712478638 1
1769073832158 1.365431308746338 2
1769073849576 1.5164122581481934 3
1769073865398 1.1736149787902832 4
1769073882345 1.5482372045516968 5
1769073898388 1.1089351177215576 6
1769073915055 1.174414873123169 7
1769073932806 1.3955045938491821 8
1769073949496 1.853930950164795 9
1769073965941 1.185907006263733 10
1769073984450 1.1910622119903564 11
1769074001842 1.1792984008789062 12
1769074019892 1.1784566640853882 13
1769074038365 1.3344365358352661 14
1769074056551 1.0672495365142822 15
1769074073754 1.094303846359253 16
1769074092080 1.092307448387146 17
1769074107961 1.2510018348693848 18
1769074123277 1.3559515476226807 19
1769074140793 1.334052324295044 20
1769074158788 1.0997631549835205 21
1769074175774 1.1829203367233276 22
1769074192668 1.38210129737854 23
1769074209598 1.4631927013397217 24
1769074227155 1.111264705657959 25
1769074244577 1.1000462770462036 26
1769074263264 1.2907166481018066 27
1769074283374 1.257724404335022 28
1769074300399 1.2016302347183228 29
1769074316887 1.1854493618011475 30
1769074333277 1.0194025039672852 31
1769074349757 1.1836960315704346 32
1769074366684 1.0707639455795288 33
1769074385358 1.0686291456222534 34
1769074402002 1.249225378036499 35
1769074421863 1.023655652999878 36
1769074438668 1.0919123888015747 37
1769074454943 1.059069275856018 38
1769074472344 1.2567789554595947 39
1769074489880 1.0843732357025146 40
1769074506475 1.070085048675537 41
1769074522944 1.2312259674072266 42
1769074541647 1.3567405939102173 43
1769074557889 1.0410795211791992 44
1769074577441 1.1602636575698853 45
1769074595053 1.183616280555725 46
1769074612384 1.153847336769104 47
1769074627754 1.3049652576446533 48
1769074644483 1.1928777694702148 49
1769074663755 1.1045316457748413 50
1769074682492 1.2271101474761963 51
1769074698244 1.3357696533203125 52
1769074715404 1.093231439590454 53
1769074734248 1.020846962928772 54
1769074750767 1.2888305187225342 55
1769074766694 1.0429127216339111 56
1769074783087 1.1809940338134766 57
1769074800755 0.9772107601165771 58
1769074818689 1.0768556594848633 59
1769074837054 1.0843580961227417 60
1769074853657 1.0906013250350952 61
1769074872578 1.0118966102600098 62
1769074889741 1.1598398685455322 63
1769074908803 1.07235848903656 64
1769074926745 0.9952788352966309 65
1769074945095 1.1336472034454346 66
1769074961258 1.3548283576965332 67
1769074978241 1.093720555305481 68
1769074995185 1.1122713088989258 69
1769075011094 0.8881832957267761 70
1769075029976 1.0861971378326416 71
1769075046244 0.9803310632705688 72
1769075063677 1.067258358001709 73
1769075081279 1.1374411582946777 74
1769075097873 1.167006492614746 75
1769075114281 1.2078179121017456 76
1769075131645 1.1010841131210327 77
1769075150343 1.1149184703826904 78
1769075167554 1.1290992498397827 79
1769075184655 1.1631349325180054 80
1769075202767 0.9868963956832886 81
1769075220661 1.0318183898925781 82
1769075238786 0.9478985071182251 83
1769075255181 1.0552043914794922 84
1769075270854 1.3119796514511108 85
1769075287548 1.1326515674591064 86
1769075303842 0.9865214824676514 87
1769075320851 0.9479533433914185 88
1769075341958 1.2540022134780884 89
1769075357667 0.9940829277038574 90
1769075375804 1.0004441738128662 91
1769075394391 0.956853985786438 92
1769075410949 1.029401183128357 93
1769075426364 1.1001214981079102 94
1769075444361 1.1329843997955322 95
1769075460901 0.9836076498031616 96
1769075479965 1.039818286895752 97
1769075496098 1.0134236812591553 98
1769075514499 1.113750696182251 99
1769075533944 0.9757257699966431 100
1769075549971 1.3616931438446045 101
1769075568350 1.1386476755142212 102
1769075586844 0.9132806062698364 103
1769075602700 1.3865187168121338 104
1769075621046 0.9695125818252563 105
1769075636746 1.1238470077514648 106
1769075649998 1.1238470077514648 106
