1769078898917 2.492375612258911 1
1769078918406 1.856074333190918 2
1769078937258 1.6295021772384644 3
1769078956299 1.885022521018982 4
1769078975452 1.7480219602584839 5
1769078994376 1.573844075202942 6
1769079013363 1.6296679973602295 7
1769079032204 1.7112561464309692 8
1769079051347 2.1813716888427734 9
1769079070384 1.4599838256835938 10
1769079089235 1.4963091611862183 11
1769079108336 1.2177537679672241 12
1769079127455 1.5022386312484741 13
1769079146044 1.502474069595337 14
1769079165004 1.4806760549545288 15
1769079184224 1.5820664167404175 16
1769079203365 1.372592568397522 17
1769079222046 1.4715890884399414 18
1769079240850 1.870773434638977 19
1769079259760 1.7208486795425415 20
1769079278559 1.205151081085205 21
1769079297367 1.3615328073501587 22
1769079316249 1.39467453956604 23
1769079335056 1.4407439231872559 24
1769079353756 1.3754305839538574 25
1769079372666 1.6029155254364014 26
1769079391628 1.3632985353469849 27
1769079410602 1.5575023889541626 28
1769079429494 1.3699519634246826 29
1769079448284 1.2155604362487793 30
1769079467178 1.2219356298446655 31
1769079486031 1.4504518508911133 32
1769079504796 1.4383183717727661 33
1769079523725 1.4735654592514038 34
1769079542676 1.8233224153518677 35
1769079561521 1.2977224588394165 36
1769079580708 1.4573487043380737 37
1769079599474 1.2420135736465454 38
1769079618454 1.395950436592102 39
1769079637271 1.3437471389770508 40
1769079656279 1.3966467380523682 41
1769079675029 1.3205740451812744 42
1769079693856 1.366481900215149 43
1769079712711 1.1690635681152344 44
1769079731606 1.404491901397705 45
1769079750412 1.3463245630264282 46
1769079769048 1.1692302227020264 47
1769079787821 1.1013432741165161 48
1769079806667 1.1107832193374634 49
1769079825842 1.4477565288543701 50
1769079844526 1.2972602844238281 51
1769079863257 1.4603962898254395 52
1769079882032 1.341470718383789 53
1769079900818 1.0792051553726196 54
1769079919630 1.3252407312393188 55
1769079938461 1.2007620334625244 56
1769079957364 1.2662142515182495 57
1769079976134 1.0605063438415527 58
1769079995032 1.0817246437072754 59
1769080013806 1.3369537591934204 60
1769080032642 1.2684898376464844 61
1769080051472 1.0730900764465332 62
1769080070202 1.0259263515472412 63
1769080088986 1.0190914869308472 64
1769080107682 1.030604362487793 65
1769080126565 1.1083914041519165 66
1769080145348 1.097051739692688 67
1769080164131 1.048844814300537 68
1769080183021 1.1589994430541992 69
1769080201990 0.7548831701278687 70
1769080220896 1.0209323167800903 71
1769080239644 0.9980090856552124 72
1769080258457 1.0354230403900146 73
1769080277301 1.0024594068527222 74
1769080295999 1.0511925220489502 75
1769080314948 0.9806721806526184 76
1769080333864 1.2039004564285278 77
1769080352658 0.9290079474449158 78
1769080371343 1.0320377349853516 79
1769080390082 1.1498165130615234 80
1769080398708 1.1498165130615234 80
