1769078898917 8.965574264526367 1
1769078918406 2.031106472015381 2
1769078937258 1.6397020816802979 3
1769078956299 1.5018064975738525 4
1769078975452 1.2581251859664917 5
1769078994376 1.0355613231658936 6
1769079013363 1.0265121459960938 7
1769079032204 1.0779986381530762 8
1769079051347 1.333094835281372 9
1769079070384 0.817416787147522 10
1769079089235 0.7542069554328918 11
1769079108336 0.6473954319953918 12
1769079127455 0.8227673172950745 13
1769079146044 0.8547155857086182 14
1769079165004 0.8575903177261353 15
1769079184224 0.7677314281463623 16
1769079203365 0.6852477192878723 17
1769079222046 0.6984609365463257 18
1769079240850 0.8044553399085999 19
1769079259760 0.7707058787345886 20
1769079278559 0.5812905430793762 21
1769079297367 0.7846043705940247 22
1769079316249 0.8458510041236877 23
1769079335056 0.647411048412323 24
1769079353756 0.6144030690193176 25
1769079372666 0.7300050854682922 26
1769079391628 0.6341598629951477 27
1769079410602 0.6885162591934204 28
1769079429494 0.6928110122680664 29
1769079448284 0.5952818989753723 30
1769079467178 0.6591561436653137 31
1769079486031 0.6551181674003601 32
1769079504796 0.8340591788291931 33
1769079523725 0.6703273057937622 34
1769079542676 0.6335962414741516 35
1769079561521 0.7827291488647461 36
1769079580708 0.6849339604377747 37
1769079599474 0.522766649723053 38
1769079618454 0.5840147733688354 39
1769079637271 0.60332852602005 40
1769079656279 0.5996012091636658 41
1769079675029 0.682515025138855 42
1769079693856 0.5994216203689575 43
1769079712711 0.6758764386177063 44
1769079731606 0.6981485486030579 45
1769079750412 0.575651228427887 46
1769079769048 0.5316726565361023 47
1769079787821 0.5078126192092896 48
1769079806667 0.5352329611778259 49
1769079825842 0.6206437349319458 50
1769079844526 0.48571622371673584 51
1769079863257 0.5981923341751099 52
1769079882032 0.5623728036880493 53
1769079900818 0.5729501843452454 54
1769079919630 0.5465723276138306 55
1769079938461 0.5529650449752808 56
1769079957364 0.49816492199897766 57
1769079976134 0.4448758661746979 58
1769079995032 0.49741917848587036 59
1769080013806 0.49936240911483765 60
1769080032642 0.5024897456169128 61
1769080051472 0.46703827381134033 62
1769080070202 0.4843977093696594 63
1769080088986 0.4827304780483246 64
1769080107682 0.5077897906303406 65
1769080126565 0.4963582456111908 66
1769080145348 0.5010712146759033 67
1769080164131 0.4595993161201477 68
1769080183021 0.5015891790390015 69
1769080201990 0.37554094195365906 70
1769080220896 0.4666263461112976 71
1769080239644 0.47248202562332153 72
1769080258457 0.5149890780448914 73
1769080277301 0.4321950078010559 74
1769080295999 0.4630810022354126 75
1769080314948 0.5369625091552734 76
1769080333864 0.5075295567512512 77
1769080352658 0.47458136081695557 78
1769080371343 0.4840792417526245 79
1769080390082 0.5435729622840881 80
1769080398708 0.5435729622840881 80
