1769078898917 1.3254878520965576 1
1769078918406 1.212908148765564 2
1769078937258 1.4391815662384033 3
1769078956299 1.1275030374526978 4
1769078975452 1.4511055946350098 5
1769078994376 1.049948811531067 6
1769079013363 1.2111552953720093 7
1769079032204 1.4146819114685059 8
1769079051347 2.175187587738037 9
1769079070384 1.1047234535217285 10
1769079089235 1.1419886350631714 11
1769079108336 1.0819636583328247 12
1769079127455 1.0940243005752563 13
1769079146044 1.3569256067276 14
1769079165004 1.0597856044769287 15
1769079184224 1.1550045013427734 16
1769079203365 1.1677489280700684 17
1769079222046 1.2155747413635254 18
1769079240850 1.6752022504806519 19
1769079259760 1.364388108253479 20
1769079278559 1.0588434934616089 21
1769079297367 1.2030153274536133 22
1769079316249 1.4119725227355957 23
1769079335056 1.4650001525878906 24
1769079353756 1.0830113887786865 25
1769079372666 1.0484830141067505 26
1769079391628 1.2647905349731445 27
1769079410602 1.2732551097869873 28
1769079429494 1.2694718837738037 29
1769079448284 1.0562597513198853 30
1769079467178 1.0058953762054443 31
1769079486031 1.1472153663635254 32
1769079504796 1.0450522899627686 33
1769079523725 1.0463858842849731 34
1769079542676 1.5398930311203003 35
1769079561521 0.9747549891471863 36
1769079580708 1.108839988708496 37
1769079599474 1.052761197090149 38
1769079618454 1.2534599304199219 39
1769079637271 1.0619827508926392 40
1769079656279 1.0023647546768188 41
1769079675029 1.2012155055999756 42
1769079693856 1.3477566242218018 43
1769079712711 0.991159200668335 44
1769079731606 1.0914167165756226 45
1769079750412 1.1609580516815186 46
1769079769048 1.140166997909546 47
1769079787821 1.157231330871582 48
1769079806667 1.111749529838562 49
1769079825842 1.1399062871932983 50
1769079844526 1.2328532934188843 51
1769079863257 1.2025033235549927 52
1769079882032 1.1284722089767456 53
1769079900818 0.9434415102005005 54
1769079919630 1.1904442310333252 55
1769079938461 0.9840171933174133 56
1769079957364 1.054784893989563 57
1769079976134 0.9327266216278076 58
1769079995032 1.0423040390014648 59
1769080013806 1.1667686700820923 60
1769080032642 1.0246663093566895 61
1769080051472 1.004563331604004 62
1769080070202 1.0612115859985352 63
1769080088986 0.9879316091537476 64
1769080107682 0.9769805669784546 65
1769080126565 1.0931519269943237 66
1769080145348 1.1807620525360107 67
1769080164131 1.0090266466140747 68
1769080183021 1.0602422952651978 69
1769080201990 0.8561248779296875 70
1769080220896 1.046313762664795 71
1769080239644 0.9345647096633911 72
1769080258457 0.9979097843170166 73
1769080277301 0.9984546303749084 74
1769080295999 1.088491439819336 75
1769080314948 1.0418775081634521 76
1769080333864 1.0390788316726685 77
1769080352658 1.0211305618286133 78
1769080371343 1.0268241167068481 79
1769080390082 1.1879079341888428 80
1769080398708 1.1879079341888428 80
