1769091036186 1.838768720626831 1
1769091053401 2.093902349472046 2
1769091070969 1.7996325492858887 3
1769091088508 1.8595467805862427 4
1769091106154 1.684442162513733 5
1769091123358 1.6879668235778809 6
1769091141574 1.5142792463302612 7
1769091158855 1.909953236579895 8
1769091176367 2.438323497772217 9
1769091193869 1.597922682762146 10
1769091211580 1.4788552522659302 11
1769091229410 1.344598650932312 12
1769091246901 1.568087100982666 13
1769091265278 1.5881723165512085 14
1769091282384 1.5412936210632324 15
1769091300069 1.515000820159912 16
1769091317844 1.3935596942901611 17
1769091335691 1.5543354749679565 18
1769091352767 1.612975835800171 19
1769091371155 1.6390941143035889 20
1769091388678 1.3947701454162598 21
1769091405953 1.5852612257003784 22
1769091423557 1.4017505645751953 23
1769091441078 1.5416358709335327 24
1769091458798 1.3594958782196045 25
1769091476171 1.6924700736999512 26
1769091494382 1.6284385919570923 27
1769091511870 1.6056562662124634 28
1769091529195 1.3669209480285645 29
1769091546551 1.380276083946228 30
1769091564086 1.4446009397506714 31
1769091581611 1.5981656312942505 32
1769091598681 1.427393913269043 33
1769091616777 1.4839268922805786 34
1769091634262 1.8006423711776733 35
1769091652156 1.5367342233657837 36
1769091669378 1.510736107826233 37
1769091686997 1.3281877040863037 38
1769091704273 1.593868374824524 39
1769091721682 1.4399925470352173 40
1769091739792 1.4938600063323975 41
1769091756993 1.580614686012268 42
1769091774587 1.4084972143173218 43
1769091792250 1.4951602220535278 44
1769091809550 1.394827961921692 45
1769091826987 1.4267258644104004 46
1769091844681 1.2770812511444092 47
1769091862101 1.3062299489974976 48
1769091879701 1.3566956520080566 49
1769091896577 1.4759933948516846 50
1769091914899 1.4496123790740967 51
1769091932402 1.5099810361862183 52
1769091950191 1.541678786277771 53
1769091968042 1.3347750902175903 54
1769091985597 1.3503793478012085 55
1769092003341 1.302202820777893 56
1769092020550 1.4959585666656494 57
1769092038586 1.2835967540740967 58
1769092056254 1.2425416707992554 59
1769092073762 1.3667993545532227 60
1769092091641 1.465145468711853 61
1769092108951 1.148484230041504 62
1769092126186 1.3014122247695923 63
1769092143781 1.4510828256607056 64
1769092161199 1.2752022743225098 65
1769092178998 1.2229738235473633 66
1769092196502 1.320552110671997 67
1769092213641 1.2359862327575684 68
1769092231498 1.2780662775039673 69
1769092249501 0.9456532597541809 70
1769092267174 1.4348372220993042 71
1769092285041 1.2012802362442017 72
1769092302345 1.2203303575515747 73
1769092319651 1.2039164304733276 74
1769092337868 1.372209072113037 75
1769092355141 1.2086323499679565 76
1769092372458 1.4061890840530396 77
1769092389964 0.9887915253639221 78
1769092407052 1.5369679927825928 79
1769092425161 1.3150458335876465 80
1769092443526 1.3182847499847412 81
1769092460177 1.3319053649902344 82
1769092478098 1.3129750490188599 83
1769092495579 1.4120402336120605 84
1769092505776 1.4120402336120605 84
