1769091036186 7.640927314758301 1
1769091053401 3.0013937950134277 2
1769091070969 2.5482265949249268 3
1769091088508 2.0013225078582764 4
1769091106154 2.492514133453369 5
1769091123358 1.5490262508392334 6
1769091141574 1.0884090662002563 7
1769091158855 1.7950854301452637 8
1769091176367 2.471698045730591 9
1769091193869 1.1547701358795166 10
1769091211580 0.9709349274635315 11
1769091229410 0.8410950303077698 12
1769091246901 1.1054871082305908 13
1769091265278 1.1081328392028809 14
1769091282384 1.1039705276489258 15
1769091300069 1.090373158454895 16
1769091317844 0.9361624121665955 17
1769091335691 1.0310008525848389 18
1769091352767 1.0614913702011108 19
1769091371155 0.917081356048584 20
1769091388678 0.7933088541030884 21
1769091405953 1.1425873041152954 22
1769091423557 1.0663498640060425 23
1769091441078 0.8716896176338196 24
1769091458798 0.8197612166404724 25
1769091476171 0.9637755751609802 26
1769091494382 0.9024173617362976 27
1769091511870 0.8581897020339966 28
1769091529195 1.031952142715454 29
1769091546551 0.7131146192550659 30
1769091564086 0.8783507347106934 31
1769091581611 0.8403276205062866 32
1769091598681 1.0582242012023926 33
1769091616777 0.861905038356781 34
1769091634262 0.9125255942344666 35
1769091652156 0.9065523147583008 36
1769091669378 0.9371769428253174 37
1769091686997 0.6635120511054993 38
1769091704273 0.7570560574531555 39
1769091721682 0.7299565672874451 40
1769091739792 0.7629706859588623 41
1769091756993 0.9558707475662231 42
1769091774587 0.7748502492904663 43
1769091792250 0.9376587271690369 44
1769091809550 0.7548438310623169 45
1769091826987 0.7500302195549011 46
1769091844681 0.673978865146637 47
1769091862101 0.7661077976226807 48
1769091879701 0.6994196772575378 49
1769091896577 0.8251296281814575 50
1769091914899 0.664575457572937 51
1769091932402 1.0863068103790283 52
1769091950191 0.7557791471481323 53
1769091968042 0.7828946113586426 54
1769091985597 0.7532737255096436 55
1769092003341 0.8257051110267639 56
1769092020550 0.7175325751304626 57
1769092038586 0.6084630489349365 58
1769092056254 0.6638384461402893 59
1769092073762 0.6047999262809753 60
1769092091641 0.6555286049842834 61
1769092108951 0.6008725166320801 62
1769092126186 0.6176425814628601 63
1769092143781 0.6689037084579468 64
1769092161199 0.6765931844711304 65
1769092178998 0.6216009855270386 66
1769092196502 0.7340487837791443 67
1769092213641 0.585195779800415 68
1769092231498 0.5609877705574036 69
1769092249501 0.5109010934829712 70
1769092267174 0.6137626767158508 71
1769092285041 0.58963942527771 72
1769092302345 0.6580455303192139 73
1769092319651 0.5241793990135193 74
1769092337868 0.6247616410255432 75
1769092355141 0.6271514892578125 76
1769092372458 0.6545999050140381 77
1769092389964 0.6425915956497192 78
1769092407052 0.712282121181488 79
1769092425161 0.7094286680221558 80
1769092443526 0.5554187297821045 81
1769092460177 0.6798523664474487 82
1769092478098 0.6467710733413696 83
1769092495579 0.6840469837188721 84
1769092505776 0.6840469837188721 84
