1769091036186 1.1501967906951904 1
1769091053401 1.3457189798355103 2
1769091070969 1.4884344339370728 3
1769091088508 1.093400239944458 4
1769091106154 1.3956388235092163 5
1769091123358 1.0962640047073364 6
1769091141574 1.154333472251892 7
1769091158855 1.4632837772369385 8
1769091176367 2.038985252380371 9
1769091193869 1.1365612745285034 10
1769091211580 1.1117205619812012 11
1769091229410 1.1429359912872314 12
1769091246901 1.135265827178955 13
1769091265278 1.3131285905838013 14
1769091282384 1.0595989227294922 15
1769091300069 1.0921119451522827 16
1769091317844 1.1047477722167969 17
1769091335691 1.2327754497528076 18
1769091352767 1.337671160697937 19
1769091371155 1.2628159523010254 20
1769091388678 1.099648118019104 21
1769091405953 1.2530542612075806 22
1769091423557 1.3995412588119507 23
1769091441078 1.4071638584136963 24
1769091458798 1.0594775676727295 25
1769091476171 1.0601513385772705 26
1769091494382 1.339280128479004 27
1769091511870 1.275890588760376 28
1769091529195 1.1346571445465088 29
1769091546551 1.1424986124038696 30
1769091564086 1.055237889289856 31
1769091581611 1.2263950109481812 32
1769091598681 1.0292432308197021 33
1769091616777 1.0962746143341064 34
1769091634262 1.4295485019683838 35
1769091652156 1.0358896255493164 36
1769091669378 1.108283281326294 37
1769091686997 1.091941475868225 38
1769091704273 1.2998769283294678 39
1769091721682 1.1024314165115356 40
1769091739792 1.0336257219314575 41
1769091756993 1.3074637651443481 42
1769091774587 1.3671962022781372 43
1769091792250 1.0588527917861938 44
1769091809550 1.0928550958633423 45
1769091826987 1.1794688701629639 46
1769091844681 1.215451717376709 47
1769091862101 1.2427470684051514 48
1769091879701 1.2019360065460205 49
1769091896577 1.1148490905761719 50
1769091914899 1.243898630142212 51
1769091932402 1.3162575960159302 52
1769091950191 1.1663813591003418 53
1769091968042 1.0393791198730469 54
1769091985597 1.25121009349823 55
1769092003341 0.9898232817649841 56
1769092020550 1.1549098491668701 57
1769092038586 1.007077693939209 58
1769092056254 1.0525436401367188 59
1769092073762 1.1620607376098633 60
1769092091641 1.0685334205627441 61
1769092108951 1.031333565711975 62
1769092126186 1.1606711149215698 63
1769092143781 1.1679655313491821 64
1769092161199 1.0364394187927246 65
1769092178998 1.1041851043701172 66
1769092196502 1.3576915264129639 67
1769092213641 1.104032278060913 68
1769092231498 1.1067544221878052 69
1769092249501 0.8991103172302246 70
1769092267174 1.2016806602478027 71
1769092285041 1.0001424551010132 72
1769092302345 1.058002233505249 73
1769092319651 1.1006828546524048 74
1769092337868 1.2595999240875244 75
1769092355141 1.2015506029129028 76
1769092372458 1.1419869661331177 77
1769092389964 1.0465461015701294 78
1769092407052 1.2236428260803223 79
1769092425161 1.221076488494873 80
1769092443526 1.0343544483184814 81
1769092460177 1.056938648223877 82
1769092478098 1.0027028322219849 83
1769092495579 1.0502487421035767 84
1769092505776 1.0502487421035767 84
