1769070316568 1.9658660888671875 1
1769070326981 2.6272475719451904 2
1769070337490 2.1597838401794434 3
1769070347752 2.356121301651001 4
1769070357442 2.265916585922241 5
1769070368778 1.979651927947998 6
1769070380660 1.7867878675460815 7
1769070391460 1.6035000085830688 8
1769070401400 2.6914260387420654 9
1769070412546 1.502751350402832 10
1769070423674 1.7496033906936646 11
1769070434200 1.4289965629577637 12
1769070445377 2.1343140602111816 13
1769070455552 1.8148912191390991 14
1769070467088 1.9201198816299438 15
1769070477782 1.7075488567352295 16
1769070488103 1.64652419090271 17
1769070499911 1.7141435146331787 18
1769070510354 1.828750491142273 19
1769070521253 2.0680196285247803 20
1769070531182 1.4823545217514038 21
1769070542110 1.7667397260665894 22
1769070552684 1.682667851448059 23
1769070563774 1.6773189306259155 24
1769070573999 1.6294888257980347 25
1769070585484 2.1504170894622803 26
1769070596452 1.626855731010437 27
1769070606459 1.591225266456604 28
1769070617602 1.522434115409851 29
1769070627958 1.467173457145691 30
1769070638200 1.5157924890518188 31
1769070648349 1.5992463827133179 32
1769070658987 1.6929494142532349 33
1769070669389 1.354788899421692 34
1769070680274 1.968183994293213 35
1769070690593 1.720016360282898 36
1769070701096 1.6818175315856934 37
1769070711441 1.5731645822525024 38
1769070722781 1.414818525314331 39
1769070732668 1.4161218404769897 40
1769070742694 1.7971010208129883 41
1769070753141 1.2822659015655518 42
1769070763777 1.3749185800552368 43
1769070774756 1.7322356700897217 44
1769070784601 1.5606712102890015 45
1769070794489 1.57448148727417 46
1769070805556 1.3333942890167236 47
1769070815886 1.2513253688812256 48
1769070826990 1.303797960281372 49
1769070836796 1.5691407918930054 50
1769070847492 1.5351080894470215 51
1769070857702 1.7423019409179688 52
1769070868073 1.57028329372406 53
1769070879165 1.4894758462905884 54
1769070889341 1.5594732761383057 55
1769070899842 1.492156744003296 56
1769070910252 1.5702763795852661 57
1769070920989 1.3989077806472778 58
1769070932783 1.3085606098175049 59
1769070942696 1.558790922164917 60
1769070953604 1.6241261959075928 61
1769070964367 1.064577579498291 62
1769070974598 1.3443622589111328 63
1769070984763 1.4976993799209595 64
1769070994894 1.2838687896728516 65
1769071005159 1.2043007612228394 66
1769071015403 1.2386693954467773 67
1769071026204 1.256493330001831 68
1769071037378 1.4777488708496094 69
1769071048633 1.223654866218567 70
1769071058801 1.3636198043823242 71
1769071069086 1.2712666988372803 72
1769071078974 1.555570363998413 73
1769071090346 1.6160304546356201 74
1769071100487 1.3137608766555786 75
1769071111759 1.4007809162139893 76
1769071122360 1.3044546842575073 77
1769071132669 1.392077922821045 78
1769071143267 1.3110772371292114 79
1769071153677 1.3488858938217163 80
1769071163702 1.3441545963287354 81
1769071174583 1.527292251586914 82
1769071184989 1.3195070028305054 83
1769071195500 1.5154879093170166 84
1769071203129 1.5154879093170166 84
