1769070316568 7.391335964202881 1
1769070326981 3.789483070373535 2
1769070337490 2.7227654457092285 3
1769070347752 2.587639808654785 4
1769070357442 2.7381906509399414 5
1769070368778 1.7375415563583374 6
1769070380660 1.3162662982940674 7
1769070391460 1.700239896774292 8
1769070401400 3.2199063301086426 9
1769070412546 1.172106385231018 10
1769070423674 1.3858190774917603 11
1769070434200 0.9602450132369995 12
1769070445377 1.664670705795288 13
1769070455552 1.0943630933761597 14
1769070467088 1.4718014001846313 15
1769070477782 1.2139779329299927 16
1769070488103 1.0416765213012695 17
1769070499911 1.330441951751709 18
1769070510354 1.2085964679718018 19
1769070521253 1.334795355796814 20
1769070531182 1.0111138820648193 21
1769070542110 1.2943079471588135 22
1769070552684 0.8743932247161865 23
1769070563774 0.8642562627792358 24
1769070573999 0.9275118112564087 25
1769070585484 1.3548526763916016 26
1769070596452 0.9003506898880005 27
1769070606459 0.9918045997619629 28
1769070617602 0.9164779782295227 29
1769070627958 0.7752612829208374 30
1769070638200 0.9510719776153564 31
1769070648349 0.8598304390907288 32
1769070658987 1.395769476890564 33
1769070669389 1.000429391860962 34
1769070680274 0.9731730818748474 35
1769070690593 1.1311521530151367 36
1769070701096 1.1557364463806152 37
1769070711441 0.9483122825622559 38
1769070722781 0.7037920355796814 39
1769070732668 0.885155439376831 40
1769070742694 1.145648717880249 41
1769070753141 0.9154699444770813 42
1769070763777 0.7926464080810547 43
1769070774756 1.1371819972991943 44
1769070784601 0.818492591381073 45
1769070794489 0.884425938129425 46
1769070805556 0.7519895434379578 47
1769070815886 0.8255001306533813 48
1769070826990 0.7472236156463623 49
1769070836796 0.7929543852806091 50
1769070847492 0.8514896035194397 51
1769070857702 0.992299497127533 52
1769070868073 0.8833892941474915 53
1769070879165 0.8974891304969788 54
1769070889341 0.7718586325645447 55
1769070899842 0.9434458613395691 56
1769070910252 0.8171054720878601 57
1769070920989 0.6665689945220947 58
1769070932783 0.7493035197257996 59
1769070942696 0.6956980228424072 60
1769070953604 0.8046332597732544 61
1769070964367 0.6645177006721497 62
1769070974598 0.7599462866783142 63
1769070984763 0.7403054237365723 64
1769070994894 0.7471299171447754 65
1769071005159 0.6736872792243958 66
1769071015403 0.717191219329834 67
1769071026204 0.6651337742805481 68
1769071037378 0.6916032433509827 69
1769071048633 0.6919307112693787 70
1769071058801 0.6079576015472412 71
1769071069086 0.6620937585830688 72
1769071078974 0.7093568444252014 73
1769071090346 0.7017518877983093 74
1769071100487 0.6218249201774597 75
1769071111759 0.7370625734329224 76
1769071122360 0.7162994742393494 77
1769071132669 0.6639153361320496 78
1769071143267 0.735535204410553 79
1769071153677 0.6936565637588501 80
1769071163702 0.6665850877761841 81
1769071174583 0.8448535799980164 82
1769071184989 0.7283638715744019 83
1769071195500 0.7347894310951233 84
1769071203129 0.7347894310951233 84
