1769070316568 1.0404095649719238 1
1769070326981 1.1936545372009277 2
1769070337490 1.3553916215896606 3
1769070347752 1.0154626369476318 4
1769070357442 1.41489839553833 5
1769070368778 0.9951221942901611 6
1769070380660 1.0411608219146729 7
1769070391460 1.0880193710327148 8
1769070401400 1.7504541873931885 9
1769070412546 0.9958616495132446 10
1769070423674 1.0180429220199585 11
1769070434200 0.9080398678779602 12
1769070445377 1.046900987625122 13
1769070455552 1.2115429639816284 14
1769070467088 1.0112751722335815 15
1769070477782 0.9944524765014648 16
1769070488103 1.0554418563842773 17
1769070499911 1.0744134187698364 18
1769070510354 1.3065837621688843 19
1769070521253 1.1726818084716797 20
1769070531182 0.9457176923751831 21
1769070542110 1.0993846654891968 22
1769070552684 1.219278335571289 23
1769070563774 1.1880210638046265 24
1769070573999 0.9236583709716797 25
1769070585484 0.9640340805053711 26
1769070596452 1.1332879066467285 27
1769070606459 0.9736548662185669 28
1769070617602 1.0357537269592285 29
1769070627958 0.9996423125267029 30
1769070638200 0.9988155364990234 31
1769070648349 1.0323195457458496 32
1769070658987 0.9330705404281616 33
1769070669389 0.904218316078186 34
1769070680274 1.2832306623458862 35
1769070690593 0.9453082084655762 36
1769070701096 0.97736656665802 37
1769070711441 0.9801726937294006 38
1769070722781 1.0397415161132812 39
1769070732668 1.0356982946395874 40
1769070742694 0.9668206572532654 41
1769070753141 0.9341205954551697 42
1769070763777 1.092065691947937 43
1769070774756 0.8617298603057861 44
1769070784601 0.9517916440963745 45
1769070794489 1.021488070487976 46
1769070805556 1.0356171131134033 47
1769070815886 1.0126042366027832 48
1769070826990 0.9602211713790894 49
1769070836796 0.9975647926330566 50
1769070847492 0.9752222299575806 51
1769070857702 1.1069082021713257 52
1769070868073 1.0333352088928223 53
1769070879165 0.8882145881652832 54
1769070889341 1.027212142944336 55
1769070899842 0.8756353855133057 56
1769070910252 0.9168707728385925 57
1769070920989 0.9316254258155823 58
1769070932783 0.9425171613693237 59
1769070942696 1.0299450159072876 60
1769070953604 0.9101405143737793 61
1769070964367 0.8696557283401489 62
1769070974598 0.9248329997062683 63
1769070984763 1.0157617330551147 64
1769070994894 0.8834208250045776 65
1769071005159 0.9447885751724243 66
1769071015403 1.0292078256607056 67
1769071026204 0.9246647357940674 68
1769071037378 0.9713210463523865 69
1769071048633 0.8681640028953552 70
1769071058801 1.0011231899261475 71
1769071069086 0.8719623684883118 72
1769071078974 0.9520023465156555 73
1769071090346 0.9954884052276611 74
1769071100487 1.0499098300933838 75
1769071111759 1.0092904567718506 76
1769071122360 0.9226729273796082 77
1769071132669 0.9680304527282715 78
1769071143267 0.9398375749588013 79
1769071153677 1.0436265468597412 80
1769071163702 0.8911640644073486 81
1769071174583 0.9597614407539368 82
1769071184989 0.9260681867599487 83
1769071195500 0.9372498989105225 84
1769071203129 0.9372498989105225 84
