1769093515759 0.03482 1
1769093526612 0.169658 2
1769093537280 0.20631100000000002 3
1769093548115 0.259625 4
1769093559487 0.450452 5
1769093569693 0.419461 6
1769093580897 0.48278400000000005 7
1769093591476 0.520458 8
1769093602491 0.478518 9
1769093613346 0.513779 10
1769093624547 0.47114 11
1769093635541 0.5228940000000001 12
1769093646608 0.535052 13
1769093657397 0.540697 14
1769093668606 0.5552410000000001 15
1769093679502 0.559674 16
1769093690251 0.548787 17
1769093701251 0.539864 18
1769093711972 0.515721 19
1769093723018 0.562632 20
1769093733786 0.547937 21
1769093744561 0.560983 22
1769093755594 0.540345 23
1769093766937 0.568046 24
1769093777388 0.564732 25
1769093788369 0.558413 26
1769093799314 0.565782 27
1769093810306 0.585098 28
1769093820819 0.5601860000000001 29
1769093831476 0.552637 30
1769093842581 0.52188 31
1769093853048 0.577523 32
1769093863561 0.584668 33
1769093874364 0.572176 34
1769093885350 0.553818 35
1769093896272 0.5652670000000001 36
1769093907101 0.581196 37
1769093918222 0.5781210000000001 38
1769093928649 0.582686 39
1769093939608 0.557916 40
1769093950484 0.579717 41
1769093961384 0.595225 42
1769093971828 0.587504 43
1769093982561 0.5862189999999999 44
1769093993751 0.578672 45
1769094004562 0.56053 46
1769094015243 0.571876 47
1769094026113 0.5651919999999999 48
1769094037008 0.568943 49
1769094048070 0.582697 50
1769094059182 0.587545 51
1769094069766 0.5909260000000001 52
1769094080636 0.560447 53
1769094091478 0.5880460000000001 54
1769094102630 0.59635 55
1769094113150 0.593863 56
1769094124228 0.548193 57
1769094135517 0.490394 58
1769094146558 0.577014 59
1769094157168 0.581365 60
1769094167966 0.5902210000000001 61
1769094178942 0.5917560000000001 62
1769094189540 0.5849090000000001 63
1769094200548 0.587375 64
1769094211174 0.5863360000000001 65
1769094222190 0.5850519999999999 66
1769094233098 0.5690120000000001 67
1769094243838 0.577624 68
1769094254874 0.591028 69
1769094265596 0.593068 70
1769094277171 0.599383 71
1769094287676 0.594329 72
1769094298440 0.582461 73
1769094309240 0.5833189999999999 74
1769094320106 0.5863389999999999 75
1769094331087 0.5760419999999999 76
1769094341700 0.5888380000000001 77
1769094352833 0.582767 78
1769094363440 0.5900839999999999 79
1769094374233 0.596051 80
1769094385241 0.572124 81
1769094396142 0.5665899999999999 82
1769094407099 0.584221 83
1769094418101 0.594524 84
1769094429313 0.5881860000000001 85
1769094439750 0.58084 86
1769094450590 0.5904280000000001 87
1769094461457 0.597906 88
1769094472535 0.59138 89
1769094483361 0.597863 90
1769094494283 0.59798 91
1769094505462 0.5851770000000001 92
1769094515767 0.581634 93
1769094526858 0.5919329999999999 94
1769094537647 0.590948 95
1769094548633 0.5781050000000001 96
1769094559405 0.583314 97
1769094570313 0.5922860000000001 98
1769094581347 0.587184 99
1769094591879 0.57054 100
1769094602836 0.588573 101
1769094609619 0.5995053606650651 101
