1769093515759 0.07055 1
1769093526612 0.37907 2
1769093537280 0.45589 3
1769093548115 0.58277 4
1769093559487 0.85304 5
1769093569693 0.82213 6
1769093580897 0.90069 7
1769093591476 0.9177 8
1769093602491 0.92769 9
1769093613346 0.93623 10
1769093624547 0.92006 11
1769093635541 0.91209 12
1769093646608 0.94637 13
1769093657397 0.94603 14
1769093668606 0.9526 15
1769093679502 0.95499 16
1769093690251 0.94557 17
1769093701251 0.94949 18
1769093711972 0.94035 19
1769093723018 0.96486 20
1769093733786 0.95723 21
1769093744561 0.96628 22
1769093755594 0.9606 23
1769093766937 0.96005 24
1769093777388 0.96147 25
1769093788369 0.96344 26
1769093799314 0.95208 27
1769093810306 0.96902 28
1769093820819 0.96056 29
1769093831476 0.97012 30
1769093842581 0.95577 31
1769093853048 0.96734 32
1769093863561 0.97165 33
1769093874364 0.96688 34
1769093885350 0.97095 35
1769093896272 0.97447 36
1769093907101 0.97194 37
1769093918222 0.97323 38
1769093928649 0.97289 39
1769093939608 0.96801 40
1769093950484 0.97218 41
1769093961384 0.97759 42
1769093971828 0.96581 43
1769093982561 0.96448 44
1769093993751 0.96992 45
1769094004562 0.97111 46
1769094015243 0.98341 47
1769094026113 0.96742 48
1769094037008 0.95732 49
1769094048070 0.96643 50
1769094059182 0.97387 51
1769094069766 0.96844 52
1769094080636 0.97064 53
1769094091478 0.97582 54
1769094102630 0.96805 55
1769094113150 0.97315 56
1769094124228 0.96825 57
1769094135517 0.9569 58
1769094146558 0.97962 59
1769094157168 0.9712 60
1769094167966 0.97615 61
1769094178942 0.97746 62
1769094189540 0.96344 63
1769094200548 0.97136 64
1769094211174 0.97681 65
1769094222190 0.97522 66
1769094233098 0.96737 67
1769094243838 0.97285 68
1769094254874 0.96964 69
1769094265596 0.96601 70
1769094277171 0.96823 71
1769094287676 0.9689 72
1769094298440 0.96542 73
1769094309240 0.96383 74
1769094320106 0.96883 75
1769094331087 0.96441 76
1769094341700 0.9733 77
1769094352833 0.96893 78
1769094363440 0.97415 79
1769094374233 0.97676 80
1769094385241 0.96825 81
1769094396142 0.96646 82
1769094407099 0.97393 83
1769094418101 0.97418 84
1769094429313 0.97902 85
1769094439750 0.9772 86
1769094450590 0.97462 87
1769094461457 0.98109 88
1769094472535 0.98198 89
1769094483361 0.97787 90
1769094494283 0.98093 91
1769094505462 0.97548 92
1769094515767 0.9756 93
1769094526858 0.9777 94
1769094537647 0.97244 95
1769094548633 0.97307 96
1769094559405 0.97593 97
1769094570313 0.97538 98
1769094581347 0.96963 99
1769094591879 0.97212 100
1769094602836 0.96678 101
1769094609619 0.9681697029457824 101
