1769093515759 0.03085 1
1769093526612 0.14639 2
1769093537280 0.17858 3
1769093548115 0.22372 4
1769093559487 0.40572 5
1769093569693 0.37472 6
1769093580897 0.43635 7
1769093591476 0.47632 8
1769093602491 0.42861 9
1769093613346 0.46684 10
1769093624547 0.42126 11
1769093635541 0.47965 12
1769093646608 0.48935 13
1769093657397 0.49566 14
1769093668606 0.51109 15
1769093679502 0.51575 16
1769093690251 0.5047 17
1769093701251 0.49435 18
1769093711972 0.46854 19
1769093723018 0.51794 20
1769093733786 0.50246 21
1769093744561 0.51595 22
1769093755594 0.49365 23
1769093766937 0.52449 24
1769093777388 0.52065 25
1769093788369 0.51341 26
1769093799314 0.52286 27
1769093810306 0.54244 28
1769093820819 0.5157 29
1769093831476 0.50625 30
1769093842581 0.47367 31
1769093853048 0.53421 32
1769093863561 0.54167 33
1769093874364 0.52832 34
1769093885350 0.50747 35
1769093896272 0.5198 36
1769093907101 0.53778 37
1769093918222 0.53422 38
1769093928649 0.53933 39
1769093939608 0.51235 40
1769093950484 0.53611 41
1769093961384 0.55274 42
1769093971828 0.54547 43
1769093982561 0.54419 44
1769093993751 0.5352 45
1769094004562 0.51491 46
1769094015243 0.52615 47
1769094026113 0.5205 48
1769094037008 0.52579 49
1769094048070 0.54006 50
1769094059182 0.54462 51
1769094069766 0.54898 52
1769094080636 0.51487 53
1769094091478 0.54496 54
1769094102630 0.55505 55
1769094113150 0.55172 56
1769094124228 0.50152 57
1769094135517 0.43856 58
1769094146558 0.53228 59
1769094157168 0.53805 60
1769094167966 0.54734 61
1769094178942 0.5489 62
1769094189540 0.54285 63
1769094200548 0.54471 64
1769094211174 0.54295 65
1769094222190 0.5417 66
1769094233098 0.52475 67
1769094243838 0.53371 68
1769094254874 0.54896 69
1769094265596 0.55163 70
1769094277171 0.5584 71
1769094287676 0.55271 72
1769094298440 0.53991 73
1769094309240 0.54104 74
1769094320106 0.54384 75
1769094331087 0.53289 76
1769094341700 0.54612 77
1769094352833 0.53986 78
1769094363440 0.54741 79
1769094374233 0.55375 80
1769094385241 0.52811 81
1769094396142 0.52216 82
1769094407099 0.54092 83
1769094418101 0.55234 84
1769094429313 0.54476 85
1769094439750 0.5368 86
1769094450590 0.54774 87
1769094461457 0.55533 88
1769094472535 0.54798 89
1769094483361 0.55564 90
1769094494283 0.55543 91
1769094505462 0.54181 92
1769094515767 0.53786 93
1769094526858 0.54907 94
1769094537647 0.54856 95
1769094548633 0.53422 96
1769094559405 0.53969 97
1769094570313 0.54972 98
1769094581347 0.54469 99
1769094591879 0.52592 100
1769094602836 0.54655 101
1769094609619 0.5585426559672076 101
