1769087257977 2.6410984992980957 1
1769087268465 2.642556667327881 2
1769087279145 2.221622943878174 3
1769087289967 2.6418404579162598 4
1769087301313 2.4053823947906494 5
1769087311431 2.182823419570923 6
1769087321971 1.9068127870559692 7
1769087332572 1.9354166984558105 8
1769087343463 2.533975839614868 9
1769087354241 1.6886688470840454 10
1769087365425 1.7316163778305054 11
1769087375793 1.4704035520553589 12
1769087386927 2.1009256839752197 13
1769087397354 1.8258874416351318 14
1769087408295 2.27675724029541 15
1769087418910 1.7457473278045654 16
1769087429921 1.598162293434143 17
1769087441123 1.8198364973068237 18
1769087451668 2.4088470935821533 19
1769087462403 1.9037916660308838 20
1769087472473 1.7301928997039795 21
1769087483574 1.7858786582946777 22
1769087494541 1.8272722959518433 23
1769087505297 1.981892704963684 24
1769087516280 1.58302640914917 25
1769087527042 2.030359983444214 26
1769087537811 1.546130895614624 27
1769087548684 1.6226167678833008 28
1769087558852 1.7415950298309326 29
1769087569490 1.253928542137146 30
1769087580143 1.4914864301681519 31
1769087591153 1.5879710912704468 32
1769087601452 1.6127463579177856 33
1769087612150 1.663832664489746 34
1769087622592 1.7395178079605103 35
1769087633804 1.7442315816879272 36
1769087644606 1.5447461605072021 37
1769087655176 1.4820665121078491 38
1769087665864 1.4682594537734985 39
1769087676710 1.5550848245620728 40
1769087687049 1.840531826019287 41
1769087697786 1.5188555717468262 42
1769087708267 1.6779732704162598 43
1769087719069 1.7789454460144043 44
1769087730049 1.8128010034561157 45
1769087740270 1.5742875337600708 46
1769087751082 1.4662514925003052 47
1769087761886 1.493277668952942 48
1769087772616 1.3518884181976318 49
1769087783414 1.5540339946746826 50
1769087794341 1.5489627122879028 51
1769087805364 1.9113500118255615 52
1769087815741 1.540304183959961 53
1769087826286 1.453393578529358 54
1769087837070 1.4702246189117432 55
1769087848096 1.4920254945755005 56
1769087858927 1.503888487815857 57
1769087869675 1.4272774457931519 58
1769087880963 1.5580885410308838 59
1769087891401 1.6704418659210205 60
1769087901842 1.742689847946167 61
1769087912772 1.1957306861877441 62
1769087923402 1.1523876190185547 63
1769087933950 1.5913236141204834 64
1769087944681 1.4694337844848633 65
1769087955500 1.2463860511779785 66
1769087966152 1.4265215396881104 67
1769087976760 1.3974692821502686 68
1769087987713 1.5593510866165161 69
1769087998408 1.2211391925811768 70
1769088009067 1.4304771423339844 71
1769088019782 1.3848490715026855 72
1769088031141 1.4749420881271362 73
1769088041553 1.7707992792129517 74
1769088052182 1.4179607629776 75
1769088062841 1.3978227376937866 76
1769088073743 1.4346035718917847 77
1769088084178 1.411012053489685 78
1769088095066 1.5096439123153687 79
1769088105955 1.5142629146575928 80
1769088116386 1.4670771360397339 81
1769088126990 1.5191699266433716 82
1769088138108 1.4580886363983154 83
1769088148748 1.6645457744598389 84
1769088159669 1.5212986469268799 85
1769088169941 1.195096731185913 86
1769088180997 1.6669197082519531 87
1769088191581 2.335048198699951 88
1769088202513 1.4389150142669678 89
1769088212978 1.5166453123092651 90
1769088223885 1.2919411659240723 91
1769088234603 1.5576863288879395 92
1769088245186 1.4674160480499268 93
1769088256277 1.516014575958252 94
1769088266709 1.2690815925598145 95
1769088277346 1.0894193649291992 96
1769088288258 1.37286376953125 97
1769088298988 1.2144137620925903 98
1769088309654 1.3670744895935059 99
1769088320470 1.424849271774292 100
1769088331386 1.6075150966644287 101
1769088341593 1.3884254693984985 102
1769088352305 1.4523998498916626 103
1769088362970 1.4472354650497437 104
1769088373962 1.5629591941833496 105
1769088384675 1.4316250085830688 106
1769088395827 1.1485446691513062 107
1769088406636 1.5007437467575073 108
1769088416491 1.1713320016860962 109
1769088427367 1.30714750289917 110
1769088438144 1.3116601705551147 111
1769088449012 1.4378198385238647 112
1769088460043 1.3112636804580688 113
1769088470781 1.2454935312271118 114
1769088481838 1.08455228805542 115
1769088492357 1.6898210048675537 116
1769088503476 1.3540929555892944 117
1769088514026 1.3624011278152466 118
1769088524806 1.274645447731018 119
1769088535172 1.37958824634552 120
1769088546184 1.2218722105026245 121
1769088557261 1.306139349937439 122
1769088567641 1.204732894897461 123
1769088578644 1.2897443771362305 124
1769088588972 1.5011008977890015 125
1769088599483 1.1619689464569092 126
1769088610094 1.1393990516662598 127
1769088621251 1.3940753936767578 128
1769088631885 1.1187093257904053 129
1769088642586 1.1427063941955566 130
1769088653041 1.6212475299835205 131
1769088664280 1.115405559539795 132
1769088674903 1.445439100265503 133
1769088685350 1.3445374965667725 134
1769088696741 1.3910090923309326 135
1769088706947 1.194840431213379 136
1769088717880 1.411904215812683 137
1769088728359 1.2513078451156616 138
1769088739113 1.1819053888320923 139
1769088749846 1.253361463546753 140
1769088760347 1.0462384223937988 141
1769088771041 1.4095286130905151 142
1769088782066 0.8538137674331665 143
1769088792680 1.1707608699798584 144
1769088803506 1.2424601316452026 145
1769088814241 1.2206991910934448 146
1769088825176 1.1088839769363403 147
1769088836343 1.0021296739578247 148
1769088846783 1.1299691200256348 149
1769088857465 1.264342188835144 150
1769088868125 1.1551748514175415 151
1769088878921 1.248574137687683 152
1769088889764 1.209768295288086 153
1769088900479 1.2605767250061035 154
1769088911496 1.0560526847839355 155
1769088921790 1.5804771184921265 156
1769088932672 1.0685763359069824 157
1769088943500 1.1227384805679321 158
1769088954084 1.1207431554794312 159
1769088964805 1.2065461874008179 160
1769088975578 1.0997978448867798 161
1769088986807 1.2221425771713257 162
1769088997462 1.0687270164489746 163
1769089007784 1.2167340517044067 164
1769089018276 1.058222770690918 165
1769089029060 1.2601734399795532 166
1769089039398 1.239363431930542 167
1769089050179 1.0647178888320923 168
1769089061178 1.2791084051132202 169
1769089071503 1.1223421096801758 170
1769089082071 1.2642849683761597 171
1769089093073 1.2217673063278198 172
1769089103751 1.1637663841247559 173
1769089114168 1.218153715133667 174
1769089125335 1.2771238088607788 175
1769089136454 0.9395523071289062 176
1769089146883 1.218630313873291 177
1769089157577 0.9497178792953491 178
1769089168297 1.0635085105895996 179
1769089178770 1.1198076009750366 180
1769089189652 1.1341514587402344 181
1769089200376 1.158847689628601 182
1769089211379 1.2042971849441528 183
1769089221921 1.4701735973358154 184
1769089232486 1.0418075323104858 185
1769089243686 1.3238905668258667 186
1769089254188 1.0662505626678467 187
1769089265177 1.4359771013259888 188
1769089275865 1.1990772485733032 189
1769089286310 1.2546449899673462 190
1769089304678 1.1145069599151611 191
1769089316690 1.2290546894073486 192
1769089327383 1.2941566705703735 193
1769089334618 1.2941566705703735 193
