1769087257977 7.6475324630737305 1
1769087268465 3.7684431076049805 2
1769087279145 2.7668697834014893 3
1769087289967 3.1286706924438477 4
1769087301313 3.7075459957122803 5
1769087311431 2.2568256855010986 6
1769087321971 1.6615726947784424 7
1769087332572 2.2176496982574463 8
1769087343463 3.1097774505615234 9
1769087354241 1.6559370756149292 10
1769087365425 1.6333085298538208 11
1769087375793 1.3520047664642334 12
1769087386927 1.5956422090530396 13
1769087397354 1.347356915473938 14
1769087408295 1.6010042428970337 15
1769087418910 1.559552788734436 16
1769087429921 1.26174795627594 17
1769087441123 1.561290979385376 18
1769087451668 1.4367139339447021 19
1769087462403 1.2616212368011475 20
1769087472473 1.1922547817230225 21
1769087483574 1.2469370365142822 22
1769087494541 1.1676875352859497 23
1769087505297 1.0157300233840942 24
1769087516280 1.095542073249817 25
1769087527042 1.321764349937439 26
1769087537811 0.9398757219314575 27
1769087548684 1.0931122303009033 28
1769087558852 1.0893957614898682 29
1769087569490 0.7980271577835083 30
1769087580143 1.1687910556793213 31
1769087591153 0.8664486408233643 32
1769087601452 1.272031545639038 33
1769087612150 1.0340931415557861 34
1769087622592 1.1325254440307617 35
1769087633804 1.3403247594833374 36
1769087644606 1.2082077264785767 37
1769087655176 0.9340178370475769 38
1769087665864 0.8203404545783997 39
1769087676710 0.8449002504348755 40
1769087687049 1.1721436977386475 41
1769087697786 0.9812862277030945 42
1769087708267 0.8354721069335938 43
1769087719069 1.085793137550354 44
1769087730049 0.9895952343940735 45
1769087740270 0.9664846062660217 46
1769087751082 0.8248491287231445 47
1769087761886 0.8896123170852661 48
1769087772616 0.7967009544372559 49
1769087783414 0.8892771601676941 50
1769087794341 0.9167835712432861 51
1769087805364 1.3519765138626099 52
1769087815741 0.7773556709289551 53
1769087826286 0.9136881828308105 54
1769087837070 0.9567372798919678 55
1769087848096 0.8939956426620483 56
1769087858927 0.8500213027000427 57
1769087869675 0.7621669769287109 58
1769087880963 0.8026993870735168 59
1769087891401 0.7508992552757263 60
1769087901842 0.7969045042991638 61
1769087912772 0.7866709232330322 62
1769087923402 0.7169821262359619 63
1769087933950 0.7884145379066467 64
1769087944681 0.9334054589271545 65
1769087955500 0.6602739691734314 66
1769087966152 0.7588788866996765 67
1769087976760 0.7023359537124634 68
1769087987713 0.7418323159217834 69
1769087998408 0.7143779993057251 70
1769088009067 0.680968701839447 71
1769088019782 0.6795557737350464 72
1769088031141 0.7546641826629639 73
1769088041553 0.7386167049407959 74
1769088052182 0.7246145009994507 75
1769088062841 0.7849478125572205 76
1769088073743 0.781531572341919 77
1769088084178 1.013698935508728 78
1769088095066 0.8015508651733398 79
1769088105955 0.7555776238441467 80
1769088116386 0.7070491909980774 81
1769088126990 0.7756894826889038 82
1769088138108 0.6924532055854797 83
1769088148748 0.7960543036460876 84
1769088159669 0.7628116607666016 85
1769088169941 0.6313990950584412 86
1769088180997 0.8043133616447449 87
1769088191581 1.3888453245162964 88
1769088202513 0.6962321400642395 89
1769088212978 0.9081278443336487 90
1769088223885 0.716641902923584 91
1769088234603 0.6922007203102112 92
1769088245186 0.7139251828193665 93
1769088256277 0.7388761043548584 94
1769088266709 0.7330021858215332 95
1769088277346 0.6383435130119324 96
1769088288258 0.7387479543685913 97
1769088298988 0.6281383633613586 98
1769088309654 0.5912414789199829 99
1769088320470 0.7013302445411682 100
1769088331386 0.8065805435180664 101
1769088341593 0.6119552850723267 102
1769088352305 0.70854252576828 103
1769088362970 0.7243031859397888 104
1769088373962 0.7625108361244202 105
1769088384675 0.7295743227005005 106
1769088395827 0.6288354992866516 107
1769088406636 0.6588656306266785 108
1769088416491 0.5888554453849792 109
1769088427367 0.5954680442810059 110
1769088438144 0.6371318697929382 111
1769088449012 0.7819020748138428 112
1769088460043 0.704552948474884 113
1769088470781 0.6891422867774963 114
1769088481838 0.7526748776435852 115
1769088492357 0.9327418804168701 116
1769088503476 0.7079920768737793 117
1769088514026 0.7643199563026428 118
1769088524806 0.6182599663734436 119
1769088535172 0.6516239643096924 120
1769088546184 0.6110782027244568 121
1769088557261 0.5457707047462463 122
1769088567641 0.5756933093070984 123
1769088578644 0.6591641902923584 124
1769088588972 0.8468260169029236 125
1769088599483 0.5698267221450806 126
1769088610094 0.5375202894210815 127
1769088621251 0.7837085127830505 128
1769088631885 0.5176989436149597 129
1769088642586 0.5768309831619263 130
1769088653041 0.7685398459434509 131
1769088664280 0.6154384016990662 132
1769088674903 0.6159590482711792 133
1769088685350 0.8405445218086243 134
1769088696741 0.6373373866081238 135
1769088706947 0.6244138479232788 136
1769088717880 0.8233306407928467 137
1769088728359 0.5950911641120911 138
1769088739113 0.6740832328796387 139
1769088749846 0.59134840965271 140
1769088760347 0.5265734195709229 141
1769088771041 0.7108079195022583 142
1769088782066 0.5060696601867676 143
1769088792680 0.6304508447647095 144
1769088803506 0.6216734051704407 145
1769088814241 0.5965326428413391 146
1769088825176 0.46601495146751404 147
1769088836343 0.5117409229278564 148
1769088846783 0.5999074578285217 149
1769088857465 0.6175562143325806 150
1769088868125 0.5454072952270508 151
1769088878921 0.8440806865692139 152
1769088889764 0.6527666449546814 153
1769088900479 0.6452600955963135 154
1769088911496 0.5461698174476624 155
1769088921790 0.9720480442047119 156
1769088932672 0.5810925960540771 157
1769088943500 0.5449709892272949 158
1769088954084 0.6287049055099487 159
1769088964805 0.5612195730209351 160
1769088975578 0.581954836845398 161
1769088986807 0.5971254706382751 162
1769088997462 0.5524281859397888 163
1769089007784 0.5920678973197937 164
1769089018276 0.5352901220321655 165
1769089029060 0.57679682970047 166
1769089039398 0.6748121976852417 167
1769089050179 0.6032750010490417 168
1769089061178 0.6099468469619751 169
1769089071503 0.5594347715377808 170
1769089082071 0.5180797576904297 171
1769089093073 0.7131932973861694 172
1769089103751 0.6715678572654724 173
1769089114168 0.552284836769104 174
1769089125335 0.5574116110801697 175
1769089136454 0.5150519609451294 176
1769089146883 0.5414276719093323 177
1769089157577 0.4927971065044403 178
1769089168297 0.6036415100097656 179
1769089178770 0.5283448100090027 180
1769089189652 0.6663875579833984 181
1769089200376 0.5803654193878174 182
1769089211379 0.5813359022140503 183
1769089221921 0.7747750282287598 184
1769089232486 0.5048764944076538 185
1769089243686 0.6292449831962585 186
1769089254188 0.532139778137207 187
1769089265177 0.6163302659988403 188
1769089275865 0.511795163154602 189
1769089286310 0.5955650210380554 190
1769089304678 0.5042464137077332 191
1769089316690 0.5390425324440002 192
1769089327383 0.5734691023826599 193
1769089334618 0.5734691023826599 193
