1769087257977 1.0972082614898682 1
1769087268465 1.1983168125152588 2
1769087279145 1.418308973312378 3
1769087289967 1.1286211013793945 4
1769087301313 1.4483705759048462 5
1769087311431 1.0382518768310547 6
1769087321971 1.057465672492981 7
1769087332572 1.1719404458999634 8
1769087343463 1.8864171504974365 9
1769087354241 1.033321499824524 10
1769087365425 0.9974699020385742 11
1769087375793 0.92881840467453 12
1769087386927 1.0498228073120117 13
1769087397354 1.2154699563980103 14
1769087408295 1.15036141872406 15
1769087418910 1.002521276473999 16
1769087429921 1.0487176179885864 17
1769087441123 1.1076505184173584 18
1769087451668 1.5452172756195068 19
1769087462403 1.103442668914795 20
1769087472473 0.9862215518951416 21
1769087483574 1.0781209468841553 22
1769087494541 1.3125197887420654 23
1769087505297 1.3170877695083618 24
1769087516280 0.9219458103179932 25
1769087527042 0.9373317360877991 26
1769087537811 1.0655544996261597 27
1769087548684 0.9874100685119629 28
1769087558852 1.0955933332443237 29
1769087569490 0.9469507932662964 30
1769087580143 0.9615578055381775 31
1769087591153 1.0182256698608398 32
1769087601452 0.9317649006843567 33
1769087612150 0.9497360587120056 34
1769087622592 1.174096703529358 35
1769087633804 0.9576165676116943 36
1769087644606 0.9600475430488586 37
1769087655176 0.9139275550842285 38
1769087665864 1.0836350917816162 39
1769087676710 1.0341638326644897 40
1769087687049 0.9866686463356018 41
1769087697786 0.9865009784698486 42
1769087708267 1.135124921798706 43
1769087719069 0.894873857498169 44
1769087730049 1.0396413803100586 45
1769087740270 1.0117871761322021 46
1769087751082 1.0746312141418457 47
1769087761886 1.0745028257369995 48
1769087772616 0.9556193947792053 49
1769087783414 0.9892682433128357 50
1769087794341 0.9679762125015259 51
1769087805364 1.140995740890503 52
1769087815741 0.9883195161819458 53
1769087826286 0.8954730033874512 54
1769087837070 1.0356025695800781 55
1769087848096 0.8676765561103821 56
1769087858927 0.905836820602417 57
1769087869675 0.9282258152961731 58
1769087880963 1.0072013139724731 59
1769087891401 1.0417540073394775 60
1769087901842 0.8973467350006104 61
1769087912772 0.8933565616607666 62
1769087923402 0.8562238216400146 63
1769087933950 1.0177439451217651 64
1769087944681 0.9362821578979492 65
1769087955500 0.956894040107727 66
1769087966152 1.0876209735870361 67
1769087976760 0.9444077610969543 68
1769087987713 0.9964532852172852 69
1769087998408 0.8612865209579468 70
1769088009067 1.0108253955841064 71
1769088019782 0.8803086280822754 72
1769088031141 0.9211148023605347 73
1769088041553 1.0450186729431152 74
1769088052182 1.0537149906158447 75
1769088062841 0.9996954202651978 76
1769088073743 0.9549274444580078 77
1769088084178 0.9778419733047485 78
1769088095066 1.0022940635681152 79
1769088105955 1.1234806776046753 80
1769088116386 0.9052553176879883 81
1769088126990 0.9371926188468933 82
1769088138108 0.9600876569747925 83
1769088148748 0.9453096389770508 84
1769088159669 1.0853242874145508 85
1769088169941 0.9606948494911194 86
1769088180997 0.9485962390899658 87
1769088191581 0.8790690898895264 88
1769088202513 1.1244951486587524 89
1769088212978 0.912307858467102 90
1769088223885 0.8747806549072266 91
1769088234603 0.897456169128418 92
1769088245186 0.9054606556892395 93
1769088256277 1.0299465656280518 94
1769088266709 1.0044150352478027 95
1769088277346 0.8868355751037598 96
1769088288258 1.0209530591964722 97
1769088298988 0.9332356452941895 98
1769088309654 1.0343133211135864 99
1769088320470 1.0321849584579468 100
1769088331386 1.20882248878479 101
1769088341593 1.1019794940948486 102
1769088352305 0.9108082056045532 103
1769088362970 1.1529161930084229 104
1769088373962 0.90409916639328 105
1769088384675 0.9483095407485962 106
1769088395827 0.9254807233810425 107
1769088406636 0.9742202758789062 108
1769088416491 0.8890162706375122 109
1769088427367 0.8500046730041504 110
1769088438144 0.9115737676620483 111
1769088449012 0.9172115325927734 112
1769088460043 0.8586167097091675 113
1769088470781 0.9649138450622559 114
1769088481838 0.8566905856132507 115
1769088492357 0.9153106212615967 116
1769088503476 0.8874166011810303 117
1769088514026 0.9206981062889099 118
1769088524806 0.9218475818634033 119
1769088535172 0.9986263513565063 120
1769088546184 0.8732701539993286 121
1769088557261 0.9920947551727295 122
1769088567641 1.0276964902877808 123
1769088578644 0.9716472029685974 124
1769088588972 0.9371111392974854 125
1769088599483 0.8974982500076294 126
1769088610094 0.8668014407157898 127
1769088621251 0.8847434520721436 128
1769088631885 0.8435098528862 129
1769088642586 0.8583789467811584 130
1769088653041 0.899772047996521 131
1769088664280 0.8953523635864258 132
1769088674903 0.9240142107009888 133
1769088685350 0.9139178395271301 134
1769088696741 0.8793928623199463 135
1769088706947 0.9733421802520752 136
1769088717880 0.9745776653289795 137
1769088728359 0.9457627534866333 138
1769088739113 1.1449239253997803 139
1769088749846 0.863009512424469 140
1769088760347 0.8431146740913391 141
1769088771041 0.8283376693725586 142
1769088782066 0.8099833726882935 143
1769088792680 0.9059248566627502 144
1769088803506 0.8614747524261475 145
1769088814241 0.8824968338012695 146
1769088825176 0.8537848591804504 147
1769088836343 0.8381440043449402 148
1769088846783 0.8073250651359558 149
1769088857465 0.8689118027687073 150
1769088868125 0.9317153692245483 151
1769088878921 0.861834704875946 152
1769088889764 0.8571926355361938 153
1769088900479 0.9480037093162537 154
1769088911496 0.8678235411643982 155
1769088921790 0.8305742740631104 156
1769088932672 0.9172812700271606 157
1769088943500 0.9216815829277039 158
1769088954084 0.8399074077606201 159
1769088964805 0.9484536647796631 160
1769088975578 0.9105252027511597 161
1769088986807 0.9929934740066528 162
1769088997462 0.8637469410896301 163
1769089007784 0.8761382102966309 164
1769089018276 0.8440268039703369 165
1769089029060 0.9474142789840698 166
1769089039398 0.872098445892334 167
1769089050179 0.9362087249755859 168
1769089061178 0.8299252986907959 169
1769089071503 0.87518310546875 170
1769089082071 0.846753716468811 171
1769089093073 0.928520917892456 172
1769089103751 0.844489336013794 173
1769089114168 0.9963818788528442 174
1769089125335 0.8916952013969421 175
1769089136454 0.8571392297744751 176
1769089146883 0.8891274333000183 177
1769089157577 0.7814704179763794 178
1769089168297 0.9621475338935852 179
1769089178770 0.8308798670768738 180
1769089189652 0.9091023206710815 181
1769089200376 0.844541609287262 182
1769089211379 0.775234580039978 183
1769089221921 0.8835774064064026 184
1769089232486 0.9222216010093689 185
1769089243686 0.820614218711853 186
1769089254188 0.8459689617156982 187
1769089265177 0.8742986917495728 188
1769089275865 0.8578940033912659 189
1769089286310 0.8734647035598755 190
1769089304678 0.9399014711380005 191
1769089316690 0.9659223556518555 192
1769089327383 0.978441596031189 193
1769089334618 0.978441596031189 193
