1769085845434 3.0788846015930176 1
1769085853502 3.0325839519500732 2
1769085861861 2.410775661468506 3
1769085870619 3.277710199356079 4
1769085879295 2.9394757747650146 5
1769085887158 2.9390389919281006 6
1769085895375 2.1959712505340576 7
1769085903459 2.1361846923828125 8
1769085911624 3.5627148151397705 9
1769085920076 2.2326552867889404 10
1769085928498 2.5673820972442627 11
1769085937262 1.7479302883148193 12
1769085945637 2.416369915008545 13
1769085953778 2.2130610942840576 14
1769085962276 2.560661554336548 15
1769085970704 2.6504974365234375 16
1769085979010 1.954383134841919 17
1769085987354 2.3753652572631836 18
1769085996020 2.435326099395752 19
1769086003935 2.7036991119384766 20
1769086012531 1.9714256525039673 21
1769086020674 2.021559715270996 22
1769086029170 2.0206799507141113 23
1769086037241 1.9286311864852905 24
1769086045627 1.9809715747833252 25
1769086054210 2.763127565383911 26
1769086062384 1.8676239252090454 27
1769086070724 1.7659687995910645 28
1769086078841 1.9322125911712646 29
1769086086875 1.7621614933013916 30
1769086095102 1.9626342058181763 31
1769086103242 1.8650214672088623 32
1769086111648 1.8663785457611084 33
1769086119590 1.8226866722106934 34
1769086127879 2.015450954437256 35
1769086136324 2.2084801197052 36
1769086144343 2.0921571254730225 37
1769086152769 1.9431395530700684 38
1769086160886 1.7409429550170898 39
1769086169622 1.7694960832595825 40
1769086177575 2.555788516998291 41
1769086185886 1.8651399612426758 42
1769086194136 1.9988422393798828 43
1769086202274 2.314424514770508 44
1769086210695 2.2521586418151855 45
1769086219019 1.811403512954712 46
1769086227146 1.4665511846542358 47
1769086235047 1.454236626625061 48
1769086243494 1.5875208377838135 49
1769086252154 1.9687833786010742 50
1769086260353 1.7395806312561035 51
1769086268626 2.1017072200775146 52
1769086277196 1.9297407865524292 53
1769086285314 2.001220941543579 54
1769086293857 1.6296144723892212 55
1769086302086 1.72459876537323 56
1769086310671 1.9183049201965332 57
1769086319099 1.6544755697250366 58
1769086327528 1.658591389656067 59
1769086336237 1.9660778045654297 60
1769086344455 1.9480741024017334 61
1769086352589 1.4288181066513062 62
1769086360981 1.6752452850341797 63
1769086369306 1.7159483432769775 64
1769086377629 1.7618682384490967 65
1769086385966 1.5108565092086792 66
1769086394923 1.7635973691940308 67
1769086402978 1.5435301065444946 68
1769086411252 1.899603009223938 69
1769086419797 1.6530216932296753 70
1769086428345 1.6328171491622925 71
1769086436940 1.7667241096496582 72
1769086445082 1.8533103466033936 73
1769086453812 1.8229204416275024 74
1769086461728 1.7560549974441528 75
1769086470143 1.4948810338974 76
1769086478395 1.9292463064193726 77
1769086486549 2.183777093887329 78
1769086494845 1.6950578689575195 79
1769086503116 1.7253161668777466 80
1769086511732 1.5727661848068237 81
1769086519875 1.6792336702346802 82
1769086528539 1.701535940170288 83
1769086536819 1.7669103145599365 84
1769086544943 1.8074480295181274 85
1769086553338 1.3951786756515503 86
1769086561528 1.9036935567855835 87
1769086570022 3.0873749256134033 88
1769086578198 1.7138925790786743 89
1769086586677 1.9800505638122559 90
1769086594966 1.5227771997451782 91
1769086603483 1.642350435256958 92
1769086611541 1.6469937562942505 93
1769086619926 1.9041290283203125 94
1769086628477 1.6233357191085815 95
1769086636697 1.5692466497421265 96
1769086645139 1.522157073020935 97
1769086653342 1.178687572479248 98
1769086661822 1.3092155456542969 99
1769086670168 1.7526795864105225 100
1769086678662 2.080579996109009 101
1769086687073 1.5241761207580566 102
1769086695161 1.7767406702041626 103
1769086703416 1.4489439725875854 104
1769086712050 1.8207556009292603 105
1769086720380 1.6325684785842896 106
1769086729013 1.3707181215286255 107
1769086737390 1.72669517993927 108
1769086745772 1.4002609252929688 109
1769086753661 1.7159852981567383 110
1769086762555 1.6318848133087158 111
1769086770873 1.8970377445220947 112
1769086779058 1.7750937938690186 113
1769086787266 1.3273183107376099 114
1769086795656 1.5792930126190186 115
1769086804436 1.871376872062683 116
1769086812958 1.564743995666504 117
1769086821219 1.4389289617538452 118
1769086829674 1.5955227613449097 119
1769086838073 1.2571371793746948 120
1769086846444 1.5067740678787231 121
1769086855072 1.5223829746246338 122
1769086863544 1.1019068956375122 123
1769086871832 1.5962504148483276 124
1769086879921 1.6907397508621216 125
1769086888010 1.3591471910476685 126
1769086896564 1.3076279163360596 127
1769086904886 1.8648149967193604 128
1769086913189 1.4043608903884888 129
1769086922021 1.4566926956176758 130
1769086929824 1.8419618606567383 131
1769086938162 1.4248296022415161 132
1769086946500 1.7639429569244385 133
1769086954680 1.892135500907898 134
1769086963062 1.6466647386550903 135
1769086971278 1.329085350036621 136
1769086979938 1.809597373008728 137
1769086988008 1.2115174531936646 138
1769086996106 1.6395007371902466 139
1769087004344 1.7589795589447021 140
1769087012617 1.1311683654785156 141
1769087020927 1.78822922706604 142
1769087029466 1.138221025466919 143
1769087038121 1.384636640548706 144
1769087046273 1.5502302646636963 145
1769087054745 1.402180790901184 146
1769087063259 1.3658134937286377 147
1769087071564 1.2924095392227173 148
1769087079689 1.3479092121124268 149
1769087088045 1.4831480979919434 150
1769087096676 1.3778953552246094 151
1769087104548 1.7351865768432617 152
1769087113083 1.5387016534805298 153
1769087121545 1.6224265098571777 154
1769087129951 1.1418027877807617 155
1769087138258 2.3110241889953613 156
1769087146453 1.3533809185028076 157
1769087155242 1.4333943128585815 158
1769087163370 1.353724718093872 159
1769087171641 1.4867380857467651 160
1769087177641 1.4867380857467651 160
