1769085845434 7.075034141540527 1
1769085853502 4.392615795135498 2
1769085861861 3.9277329444885254 3
1769085870619 3.7092363834381104 4
1769085879295 4.504422187805176 5
1769085887158 2.7938687801361084 6
1769085895375 2.2696380615234375 7
1769085903459 2.846615791320801 8
1769085911624 3.8335602283477783 9
1769085920076 2.2351744174957275 10
1769085928498 2.467099666595459 11
1769085937262 1.6795822381973267 12
1769085945637 2.207138776779175 13
1769085953778 1.9219595193862915 14
1769085962276 2.120121479034424 15
1769085970704 2.355088472366333 16
1769085979010 1.6211220026016235 17
1769085987354 1.7618240118026733 18
1769085996020 1.7965588569641113 19
1769086003935 2.0235304832458496 20
1769086012531 1.6815145015716553 21
1769086020674 1.6973156929016113 22
1769086029170 1.529589295387268 23
1769086037241 1.0859742164611816 24
1769086045627 1.6118919849395752 25
1769086054210 2.311960220336914 26
1769086062384 1.1748093366622925 27
1769086070724 1.3927867412567139 28
1769086078841 1.3776257038116455 29
1769086086875 1.2365204095840454 30
1769086095102 1.569429874420166 31
1769086103242 1.2232745885849 32
1769086111648 1.6876050233840942 33
1769086119590 1.3452612161636353 34
1769086127879 1.0972424745559692 35
1769086136324 1.4809271097183228 36
1769086144343 1.4537177085876465 37
1769086152769 1.3327200412750244 38
1769086160886 1.050461769104004 39
1769086169622 1.1920896768569946 40
1769086177575 1.927783489227295 41
1769086185886 1.1583516597747803 42
1769086194136 1.050110101699829 43
1769086202274 1.4521772861480713 44
1769086210695 1.0514968633651733 45
1769086219019 1.218148946762085 46
1769086227146 0.9559499025344849 47
1769086235047 0.9465605020523071 48
1769086243494 0.8258979320526123 49
1769086252154 0.9819242358207703 50
1769086260353 1.1027940511703491 51
1769086268626 1.5998927354812622 52
1769086277196 1.2222235202789307 53
1769086285314 1.6038539409637451 54
1769086293857 1.2679349184036255 55
1769086302086 1.1409454345703125 56
1769086310671 1.0337491035461426 57
1769086319099 1.0064325332641602 58
1769086327528 1.0297569036483765 59
1769086336237 1.0188525915145874 60
1769086344455 0.9616079330444336 61
1769086352589 0.7415213584899902 62
1769086360981 1.0004401206970215 63
1769086369306 0.9601005911827087 64
1769086377629 1.0554494857788086 65
1769086385966 0.868839681148529 66
1769086394923 0.87156742811203 67
1769086402978 0.9223012924194336 68
1769086411252 0.9415102005004883 69
1769086419797 1.1464312076568604 70
1769086428345 0.8314817547798157 71
1769086436940 0.9768116474151611 72
1769086445082 1.3194904327392578 73
1769086453812 0.9476711750030518 74
1769086461728 0.9164797067642212 75
1769086470143 0.9987121224403381 76
1769086478395 0.965074896812439 77
1769086486549 1.450151801109314 78
1769086494845 0.9081304669380188 79
1769086503116 0.8658210039138794 80
1769086511732 0.8149281144142151 81
1769086519875 1.095216989517212 82
1769086528539 0.8702230453491211 83
1769086536819 1.0804787874221802 84
1769086544943 0.992624044418335 85
1769086553338 0.7485020160675049 86
1769086561528 1.0785807371139526 87
1769086570022 1.8957006931304932 88
1769086578198 0.8432804346084595 89
1769086586677 1.0157912969589233 90
1769086594966 0.8988785743713379 91
1769086603483 0.8462615013122559 92
1769086611541 0.9254846572875977 93
1769086619926 1.0153754949569702 94
1769086628477 0.7810651063919067 95
1769086636697 0.8520789742469788 96
1769086645139 0.9199861288070679 97
1769086653342 0.6643034815788269 98
1769086661822 0.8434845805168152 99
1769086670168 1.0300880670547485 100
1769086678662 1.0822314023971558 101
1769086687073 0.7631308436393738 102
1769086695161 0.9285842776298523 103
1769086703416 0.9688166379928589 104
1769086712050 1.1476539373397827 105
1769086720380 0.911358654499054 106
1769086729013 0.8340288996696472 107
1769086737390 0.7882753014564514 108
1769086745772 0.759090006351471 109
1769086753661 0.973388135433197 110
1769086762555 0.8444850444793701 111
1769086770873 1.105544924736023 112
1769086779058 1.0716943740844727 113
1769086787266 0.7859710454940796 114
1769086795656 0.8813945651054382 115
1769086804436 1.1082953214645386 116
1769086812958 0.9049093723297119 117
1769086821219 0.8742929697036743 118
1769086829674 0.8930339813232422 119
1769086838073 0.7865888476371765 120
1769086846444 0.8274422883987427 121
1769086855072 0.8087926506996155 122
1769086863544 0.942330002784729 123
1769086871832 0.756373941898346 124
1769086879921 1.079654574394226 125
1769086888010 0.7895776629447937 126
1769086896564 0.6155731678009033 127
1769086904886 1.0367764234542847 128
1769086913189 0.7547392249107361 129
1769086922021 0.7189348340034485 130
1769086929824 1.01613450050354 131
1769086938162 0.7329797744750977 132
1769086946500 1.1065202951431274 133
1769086954680 1.2492046356201172 134
1769086963062 1.0537256002426147 135
1769086971278 0.663671612739563 136
1769086979938 1.0635449886322021 137
1769086988008 0.713627278804779 138
1769086996106 0.8814374208450317 139
1769087004344 0.950314998626709 140
1769087012617 0.6088461875915527 141
1769087020927 1.080971598625183 142
1769087029466 0.5867111682891846 143
1769087038121 0.8305612206459045 144
1769087046273 0.7345202565193176 145
1769087054745 0.7257112264633179 146
1769087063259 0.566364049911499 147
1769087071564 0.694983184337616 148
1769087079689 0.7048295140266418 149
1769087088045 0.8110363483428955 150
1769087096676 0.6895763874053955 151
1769087104548 0.9126372933387756 152
1769087113083 0.908992350101471 153
1769087121545 0.9332257509231567 154
1769087129951 0.6295706033706665 155
1769087138258 1.3639670610427856 156
1769087146453 0.7579662799835205 157
1769087155242 0.7769550681114197 158
1769087163370 0.7932454347610474 159
1769087171641 0.5913336873054504 160
1769087177641 0.5913336873054504 160
