1769085845434 1.1068193912506104 1
1769085853502 1.0910327434539795 2
1769085861861 1.2142595052719116 3
1769085870619 1.0463228225708008 4
1769085879295 1.2870069742202759 5
1769085887158 1.0233343839645386 6
1769085895375 1.0260436534881592 7
1769085903459 1.0287916660308838 8
1769085911624 1.8589882850646973 9
1769085920076 0.9123126268386841 10
1769085928498 0.9754647016525269 11
1769085937262 0.9433269500732422 12
1769085945637 0.9464151263237 13
1769085953778 1.2058615684509277 14
1769085962276 1.0024664402008057 15
1769085970704 1.0046112537384033 16
1769085979010 1.0348796844482422 17
1769085987354 1.0418912172317505 18
1769085996020 1.2122180461883545 19
1769086003935 1.177527666091919 20
1769086012531 0.9215068817138672 21
1769086020674 0.9414834380149841 22
1769086029170 1.1544404029846191 23
1769086037241 1.0715928077697754 24
1769086045627 0.9760163426399231 25
1769086054210 0.9474393129348755 26
1769086062384 1.053697109222412 27
1769086070724 0.9010046124458313 28
1769086078841 1.0661282539367676 29
1769086086875 0.9546800851821899 30
1769086095102 0.9460970163345337 31
1769086103242 0.8816063404083252 32
1769086111648 0.8861215114593506 33
1769086119590 0.9067665338516235 34
1769086127879 1.096597671508789 35
1769086136324 0.9214687347412109 36
1769086144343 0.9291172027587891 37
1769086152769 0.922000527381897 38
1769086160886 0.9676117300987244 39
1769086169622 0.9552088975906372 40
1769086177575 0.9099395871162415 41
1769086185886 0.9419881105422974 42
1769086194136 1.073423147201538 43
1769086202274 0.9063724279403687 44
1769086210695 1.0041662454605103 45
1769086219019 0.8490409255027771 46
1769086227146 0.9052500128746033 47
1769086235047 0.9422208666801453 48
1769086243494 0.9491852521896362 49
1769086252154 0.9181476831436157 50
1769086260353 0.9215943217277527 51
1769086268626 1.0288512706756592 52
1769086277196 0.9195096492767334 53
1769086285314 0.8555889129638672 54
1769086293857 0.9216735363006592 55
1769086302086 0.8736623525619507 56
1769086310671 0.9939066171646118 57
1769086319099 0.8641245365142822 58
1769086327528 0.91416996717453 59
1769086336237 0.9372056722640991 60
1769086344455 0.9127784371376038 61
1769086352589 0.8877543210983276 62
1769086360981 1.030096411705017 63
1769086369306 0.9004496335983276 64
1769086377629 0.9227081537246704 65
1769086385966 0.8960242867469788 66
1769086394923 1.0580534934997559 67
1769086402978 0.8461260795593262 68
1769086411252 0.8973686695098877 69
1769086419797 0.8534129858016968 70
1769086428345 0.9202183485031128 71
1769086436940 0.8617109656333923 72
1769086445082 0.9236997365951538 73
1769086453812 0.9119744896888733 74
1769086461728 0.9889830350875854 75
1769086470143 0.9278272390365601 76
1769086478395 0.8851357698440552 77
1769086486549 1.0117099285125732 78
1769086494845 0.9165939092636108 79
1769086503116 0.9938557147979736 80
1769086511732 0.8840218782424927 81
1769086519875 0.8693336248397827 82
1769086528539 0.9417884349822998 83
1769086536819 0.8817670941352844 84
1769086544943 1.100342035293579 85
1769086553338 0.9218568205833435 86
1769086561528 0.8342387080192566 87
1769086570022 0.8706369996070862 88
1769086578198 1.0470236539840698 89
1769086586677 0.8813340663909912 90
1769086594966 0.8802276849746704 91
1769086603483 0.7765635251998901 92
1769086611541 0.8265210390090942 93
1769086619926 1.0011990070343018 94
1769086628477 0.9630897045135498 95
1769086636697 0.8568382263183594 96
1769086645139 0.9370416402816772 97
1769086653342 0.8885130286216736 98
1769086661822 0.9314004182815552 99
1769086670168 0.9167170524597168 100
1769086678662 1.1152883768081665 101
1769086687073 0.8929867744445801 102
1769086695161 0.8507698774337769 103
1769086703416 0.98403000831604 104
1769086712050 0.8642405271530151 105
1769086720380 0.9548666477203369 106
1769086729013 0.9854752421379089 107
1769086737390 0.9614337682723999 108
1769086745772 0.8131455183029175 109
1769086753661 0.8434975147247314 110
1769086762555 0.8574712872505188 111
1769086770873 0.8345401883125305 112
1769086779058 0.7992041110992432 113
1769086787266 0.8939516544342041 114
1769086795656 0.8957316875457764 115
1769086804436 0.8484728336334229 116
1769086812958 0.8909037709236145 117
1769086821219 0.9259824752807617 118
1769086829674 0.8816783428192139 119
1769086838073 0.8179208636283875 120
1769086846444 0.8372352123260498 121
1769086855072 0.8633771538734436 122
1769086863544 0.9087642431259155 123
1769086871832 0.8847054243087769 124
1769086879921 0.8298490047454834 125
1769086888010 0.8557960987091064 126
1769086896564 0.8289819955825806 127
1769086904886 0.8682616353034973 128
1769086913189 0.8090230822563171 129
1769086922021 0.8889217376708984 130
1769086929824 0.8111616969108582 131
1769086938162 0.895834743976593 132
1769086946500 0.849501371383667 133
1769086954680 0.9195826053619385 134
1769086963062 0.8270015716552734 135
1769086971278 0.8744494915008545 136
1769086979938 0.8528232574462891 137
1769086988008 0.877090573310852 138
1769086996106 1.1597225666046143 139
1769087004344 0.8394755125045776 140
1769087012617 0.8568944931030273 141
1769087020927 0.8290623426437378 142
1769087029466 0.7863627076148987 143
1769087038121 0.9151039123535156 144
1769087046273 0.7839659452438354 145
1769087054745 0.8538787364959717 146
1769087063259 0.8537298440933228 147
1769087071564 0.82706618309021 148
1769087079689 0.8116099834442139 149
1769087088045 0.8310668468475342 150
1769087096676 0.8618470430374146 151
1769087104548 0.8671501874923706 152
1769087113083 0.859329104423523 153
1769087121545 0.8882219195365906 154
1769087129951 0.8643305897712708 155
1769087138258 0.8497414588928223 156
1769087146453 0.8304663896560669 157
1769087155242 0.9276723861694336 158
1769087163370 0.8812316656112671 159
1769087171641 0.9658527374267578 160
1769087177641 0.9658527374267578 160
