1769068749992 0.0 1
1769068758406 0.00818 2
1769068766488 0.056511000000000006 3
1769068775008 0.07508600000000001 4
1769068783250 0.12401800000000002 5
1769068791691 0.172682 6
1769068800186 0.174301 7
1769068808154 0.211987 8
1769068818656 0.238274 9
1769068826884 0.261253 10
1769068835570 0.281578 11
1769068843745 0.311203 12
1769068852294 0.336924 13
1769068860704 0.324395 14
1769068868949 0.297532 15
1769068877852 0.354922 16
1769068885880 0.368939 17
1769068893958 0.383182 18
1769068902554 0.38126100000000007 19
1769068910682 0.39393700000000004 20
1769068918972 0.410974 21
1769068927079 0.41839099999999996 22
1769068935954 0.40720600000000007 23
1769068944473 0.37847500000000006 24
1769068952431 0.43292400000000003 25
1769068960872 0.447593 26
1769068969017 0.39896600000000004 27
1769068977096 0.43967300000000004 28
1769068985651 0.45177 29
1769068993414 0.453092 30
1769069001450 0.443342 31
1769069009289 0.41863 32
1769069017882 0.437026 33
1769069025792 0.43846100000000005 34
1769069034152 0.40329800000000005 35
1769069042085 0.428136 36
1769069050872 0.43367400000000006 37
1769069058593 0.4471320000000001 38
1769069066859 0.431087 39
1769069074948 0.448109 40
1769069083237 0.43668 41
1769069091381 0.45509700000000003 42
1769069099354 0.46590500000000007 43
1769069107381 0.46691399999999994 44
1769069115880 0.469295 45
1769069124309 0.444213 46
1769069132310 0.46950600000000003 47
1769069140692 0.462851 48
1769069148654 0.469262 49
1769069157041 0.469841 50
1769069165302 0.447662 51
1769069173185 0.445673 52
1769069181141 0.468622 53
1769069189753 0.48044300000000006 54
1769069197841 0.47838500000000006 55
1769069206105 0.478234 56
1769069214659 0.475228 57
1769069222777 0.486 58
1769069230790 0.451888 59
1769069239168 0.4172310000000001 60
1769069247185 0.48524 61
1769069255175 0.49329100000000004 62
1769069263210 0.490003 63
1769069271697 0.484275 64
1769069279642 0.477341 65
1769069287580 0.466557 66
1769069296350 0.449238 67
1769069304142 0.479953 68
1769069312679 0.49322499999999997 69
1769069321026 0.502469 70
1769069328891 0.48677600000000004 71
1769069337115 0.499457 72
1769069345354 0.489226 73
1769069353300 0.49641 74
1769069361454 0.484893 75
1769069370141 0.463499 76
1769069378680 0.484914 77
1769069386577 0.485942 78
1769069394063 0.49705200000000005 79
1769069402685 0.5002489999999999 80
1769069410745 0.500571 81
1769069419282 0.48792599999999997 82
1769069427841 0.49823300000000004 83
1769069435964 0.507906 84
1769069444377 0.504116 85
1769069452805 0.501017 86
1769069460748 0.488979 87
1769069469033 0.498626 88
1769069476786 0.48406200000000005 89
1769069485249 0.462077 90
1769069493495 0.485678 91
1769069501907 0.490927 92
1769069509660 0.504506 93
1769069517667 0.50371 94
1769069525870 0.47008 95
1769069533894 0.482225 96
1769069542338 0.497249 97
1769069550356 0.5026700000000001 98
1769069558759 0.48744499999999996 99
1769069567145 0.494082 100
1769069575545 0.507064 101
1769069583573 0.501133 102
1769069591302 0.49789200000000006 103
1769069599687 0.49470000000000003 104
1769069607855 0.490979 105
1769069616643 0.513331 106
1769069625225 0.5190670000000001 107
1769069633779 0.5072920000000001 108
1769069641428 0.49565100000000006 109
1769069649285 0.494963 110
1769069657718 0.507865 111
1769069666579 0.494378 112
1769069674623 0.504263 113
1769069683260 0.49945300000000004 114
1769069691073 0.506476 115
1769069699456 0.5007550000000001 116
1769069707544 0.502977 117
1769069716504 0.511953 118
1769069724368 0.49299000000000004 119
1769069732669 0.504661 120
1769069740671 0.500327 121
1769069748576 0.504507 122
1769069756989 0.48233400000000004 123
1769069764989 0.495835 124
1769069773193 0.511356 125
1769069780996 0.5003329999999999 126
1769069788895 0.5022880000000001 127
1769069797351 0.510472 128
1769069805882 0.5206109999999999 129
1769069813773 0.5191129999999999 130
1769069821692 0.511895 131
1769069829667 0.518409 132
1769069838152 0.512209 133
1769069845941 0.516945 134
1769069854258 0.510928 135
1769069862015 0.516752 136
1769069870231 0.514652 137
1769069878245 0.519814 138
1769069886177 0.5123800000000001 139
1769069894641 0.513946 140
1769069903268 0.520984 141
1769069911459 0.507142 142
1769069919550 0.50924 143
1769069927902 0.5143460000000001 144
1769069935906 0.506772 145
1769069944090 0.506999 146
1769069952416 0.505852 147
1769069960590 0.499861 148
1769069968964 0.506295 149
1769069976797 0.51938 150
1769069985047 0.522768 151
1769069992974 0.517582 152
1769070000841 0.513825 153
1769070009149 0.518162 154
1769070017149 0.50969 155
1769070025257 0.520906 156
1769070032893 0.518269 157
1769070041544 0.51707 158
1769070049179 0.5136080000000001 159
1769070057798 0.5103489999999999 160
1769070065486 0.508008 161
1769070073887 0.509645 162
1769070082149 0.517483 163
1769070089981 0.513235 164
1769070098191 0.5204850000000001 165
1769070106343 0.518276 166
1769070114246 0.516265 167
1769070122598 0.517393 168
1769070130258 0.520831 169
1769070138641 0.51898 170
1769070146452 0.514603 171
1769070154770 0.52098 172
1769070162478 0.519394 173
1769070170941 0.519771 174
1769070178879 0.513582 175
1769070187465 0.507489 176
1769070195683 0.509798 177
1769070203386 0.508467 178
1769070211764 0.513299 179
1769070220307 0.5158309999999999 180
1769070228274 0.516721 181
1769070234341 0.5230431262489608 181
