1769068749992 0.0 1
1769068758406 0.00735 2
1769068766488 0.05008 3
1769068775008 0.06338 4
1769068783250 0.10934 5
1769068791691 0.1518 6
1769068800186 0.15543 7
1769068808154 0.18749 8
1769068818656 0.2109 9
1769068826884 0.23265 10
1769068835570 0.2499 11
1769068843745 0.27567 12
1769068852294 0.30207 13
1769068860704 0.28612 14
1769068868949 0.26092 15
1769068877852 0.31802 16
1769068885880 0.32728 17
1769068893958 0.34316 18
1769068902554 0.33971 19
1769068910682 0.35514 20
1769068918972 0.36883 21
1769068927079 0.37532 22
1769068935954 0.3638 23
1769068944473 0.33521 24
1769068952431 0.3911 25
1769068960872 0.40401 26
1769068969017 0.3549 27
1769068977096 0.39527 28
1769068985651 0.40796 29
1769068993414 0.40902 30
1769069001450 0.39899 31
1769069009289 0.37306 32
1769069017882 0.39138 33
1769069025792 0.39299 34
1769069034152 0.35582 35
1769069042085 0.38206 36
1769069050872 0.38778 37
1769069058593 0.40278 38
1769069066859 0.3872 39
1769069074948 0.40316 40
1769069083237 0.39045 41
1769069091381 0.41066 42
1769069099354 0.42048 43
1769069107381 0.42171 44
1769069115880 0.42413 45
1769069124309 0.39727 46
1769069132310 0.42365 47
1769069140692 0.41602 48
1769069148654 0.42421 49
1769069157041 0.42424 50
1769069165302 0.40025 51
1769069173185 0.40001 52
1769069181141 0.42358 53
1769069189753 0.43629 54
1769069197841 0.43324 55
1769069206105 0.43339 56
1769069214659 0.42966 57
1769069222777 0.44059 58
1769069230790 0.40524 59
1769069239168 0.36658 60
1769069247185 0.43943 61
1769069255175 0.44774 62
1769069263210 0.44444 63
1769069271697 0.43786 64
1769069279642 0.43091 65
1769069287580 0.41827 66
1769069296350 0.39963 67
1769069304142 0.43391 68
1769069312679 0.44798 69
1769069321026 0.45886 70
1769069328891 0.44263 71
1769069337115 0.45547 72
1769069345354 0.44464 73
1769069353300 0.4509 74
1769069361454 0.43833 75
1769069370141 0.41489 76
1769069378680 0.439 77
1769069386577 0.43887 78
1769069394063 0.4511 79
1769069402685 0.4553 80
1769069410745 0.45521 81
1769069419282 0.44147 82
1769069427841 0.45249 83
1769069435964 0.4633 84
1769069444377 0.45856 85
1769069452805 0.45459 86
1769069460748 0.44103 87
1769069469033 0.45216 88
1769069476786 0.43735 89
1769069485249 0.41508 90
1769069493495 0.44016 91
1769069501907 0.44425 92
1769069509660 0.45836 93
1769069517667 0.45821 94
1769069525870 0.42211 95
1769069533894 0.43583 96
1769069542338 0.44945 97
1769069550356 0.45776 98
1769069558759 0.43949 99
1769069567145 0.44772 100
1769069575545 0.46137 101
1769069583573 0.45551 102
1769069591302 0.45201 103
1769069599687 0.44901 104
1769069607855 0.44389 105
1769069616643 0.46809 106
1769069625225 0.47348 107
1769069633779 0.46119 108
1769069641428 0.44905 109
1769069649285 0.44736 110
1769069657718 0.46187 111
1769069666579 0.44727 112
1769069674623 0.45883 113
1769069683260 0.45208 114
1769069691073 0.45981 115
1769069699456 0.45427 116
1769069707544 0.45654 117
1769069716504 0.4659 118
1769069724368 0.4455 119
1769069732669 0.45769 120
1769069740671 0.45326 121
1769069748576 0.45727 122
1769069756989 0.43373 123
1769069764989 0.44786 124
1769069773193 0.46497 125
1769069780996 0.45346 126
1769069788895 0.45527 127
1769069797351 0.465 128
1769069805882 0.47545 129
1769069813773 0.47367 130
1769069821692 0.46625 131
1769069829667 0.47263 132
1769069838152 0.46609 133
1769069845941 0.47084 134
1769069854258 0.46459 135
1769069862015 0.4702 136
1769069870231 0.46838 137
1769069878245 0.47405 138
1769069886177 0.46532 139
1769069894641 0.46693 140
1769069903268 0.47479 141
1769069911459 0.45995 142
1769069919550 0.46242 143
1769069927902 0.46814 144
1769069935906 0.4596 145
1769069944090 0.45989 146
1769069952416 0.45914 147
1769069960590 0.45306 148
1769069968964 0.45855 149
1769069976797 0.47267 150
1769069985047 0.47713 151
1769069992974 0.47179 152
1769070000841 0.46735 153
1769070009149 0.47224 154
1769070017149 0.46338 155
1769070025257 0.47491 156
1769070032893 0.47225 157
1769070041544 0.471 158
1769070049179 0.46733 159
1769070057798 0.46375 160
1769070065486 0.46144 161
1769070073887 0.46292 162
1769070082149 0.47103 163
1769070089981 0.46636 164
1769070098191 0.47388 165
1769070106343 0.47196 166
1769070114246 0.47022 167
1769070122598 0.47064 168
1769070130258 0.47468 169
1769070138641 0.47284 170
1769070146452 0.46838 171
1769070154770 0.47537 172
1769070162478 0.47358 173
1769070170941 0.4738 174
1769070178879 0.46694 175
1769070187465 0.46012 176
1769070195683 0.46258 177
1769070203386 0.46136 178
1769070211764 0.46667 179
1769070220307 0.4695 180
1769070228274 0.46978 181
1769070234341 0.4774274261135464 181
