1769068749992 0.0 1
1769068758406 0.01565 2
1769068766488 0.11439 3
1769068775008 0.18044 4
1769068783250 0.25612 5
1769068791691 0.36062 6
1769068800186 0.34414 7
1769068808154 0.43246 8
1769068818656 0.48464 9
1769068826884 0.51868 10
1769068835570 0.56668 11
1769068843745 0.631 12
1769068852294 0.65061 13
1769068860704 0.66887 14
1769068868949 0.62704 15
1769068877852 0.68704 16
1769068885880 0.74387 17
1769068893958 0.74338 18
1769068902554 0.75522 19
1769068910682 0.74311 20
1769068918972 0.79027 21
1769068927079 0.80603 22
1769068935954 0.79786 23
1769068944473 0.76786 24
1769068952431 0.80934 25
1769068960872 0.83984 26
1769068969017 0.79556 27
1769068977096 0.8393 28
1769068985651 0.84606 29
1769068993414 0.84974 30
1769069001450 0.84251 31
1769069009289 0.82876 32
1769069017882 0.84784 33
1769069025792 0.8477 34
1769069034152 0.8306 35
1769069042085 0.84282 36
1769069050872 0.84672 37
1769069058593 0.8463 38
1769069066859 0.82607 39
1769069074948 0.85265 40
1769069083237 0.85275 41
1769069091381 0.85503 42
1769069099354 0.87473 43
1769069107381 0.87375 44
1769069115880 0.87578 45
1769069124309 0.8667 46
1769069132310 0.88221 47
1769069140692 0.88433 48
1769069148654 0.87473 49
1769069157041 0.88025 50
1769069165302 0.87437 51
1769069173185 0.85664 52
1769069181141 0.874 53
1769069189753 0.87782 54
1769069197841 0.88469 55
1769069206105 0.88183 56
1769069214659 0.88534 57
1769069222777 0.89469 58
1769069230790 0.87172 59
1769069239168 0.87309 60
1769069247185 0.89753 61
1769069255175 0.90325 62
1769069263210 0.90007 63
1769069271697 0.90201 64
1769069279642 0.89522 65
1769069287580 0.90114 66
1769069296350 0.89571 67
1769069304142 0.89434 68
1769069312679 0.90043 69
1769069321026 0.89495 70
1769069328891 0.88409 71
1769069337115 0.89534 72
1769069345354 0.8905 73
1769069353300 0.906 74
1769069361454 0.90396 75
1769069370141 0.90098 76
1769069378680 0.89814 77
1769069386577 0.90959 78
1769069394063 0.91062 79
1769069402685 0.90479 80
1769069410745 0.90882 81
1769069419282 0.90603 82
1769069427841 0.90992 83
1769069435964 0.90936 84
1769069444377 0.91412 85
1769069452805 0.91886 86
1769069460748 0.92052 87
1769069469033 0.91682 88
1769069476786 0.90447 89
1769069485249 0.88505 90
1769069493495 0.89534 91
1769069501907 0.91102 92
1769069509660 0.91982 93
1769069517667 0.91321 94
1769069525870 0.90181 95
1769069533894 0.89978 96
1769069542338 0.92744 97
1769069550356 0.90686 98
1769069558759 0.91904 99
1769069567145 0.91134 100
1769069575545 0.91831 101
1769069583573 0.91174 102
1769069591302 0.91083 103
1769069599687 0.90591 104
1769069607855 0.91478 105
1769069616643 0.9205 106
1769069625225 0.92935 107
1769069633779 0.92221 108
1769069641428 0.91506 109
1769069649285 0.92339 110
1769069657718 0.92182 111
1769069666579 0.91835 112
1769069674623 0.91316 113
1769069683260 0.92581 114
1769069691073 0.92647 115
1769069699456 0.91912 116
1769069707544 0.92091 117
1769069716504 0.92643 118
1769069724368 0.9204 119
1769069732669 0.9274 120
1769069740671 0.92393 121
1769069748576 0.92964 122
1769069756989 0.91977 123
1769069764989 0.92761 124
1769069773193 0.92883 125
1769069780996 0.92219 126
1769069788895 0.92545 127
1769069797351 0.91972 128
1769069805882 0.92706 129
1769069813773 0.9281 130
1769069821692 0.9227 131
1769069829667 0.93042 132
1769069838152 0.92728 133
1769069845941 0.93189 134
1769069854258 0.92797 135
1769069862015 0.93572 136
1769069870231 0.9311 137
1769069878245 0.93169 138
1769069886177 0.93592 139
1769069894641 0.93709 140
1769069903268 0.93673 141
1769069911459 0.93187 142
1769069919550 0.93062 143
1769069927902 0.9302 144
1769069935906 0.93132 145
1769069944090 0.93098 146
1769069952416 0.92626 147
1769069960590 0.92107 148
1769069968964 0.936 149
1769069976797 0.93977 150
1769069985047 0.93351 151
1769069992974 0.92971 152
1769070000841 0.9321 153
1769070009149 0.93146 154
1769070017149 0.92648 155
1769070025257 0.93487 156
1769070032893 0.93244 157
1769070041544 0.9317 158
1769070049179 0.93011 159
1769070057798 0.92974 160
1769070065486 0.92712 161
1769070073887 0.93017 162
1769070082149 0.93556 163
1769070089981 0.93511 164
1769070098191 0.93993 165
1769070106343 0.93512 166
1769070114246 0.93067 167
1769070122598 0.93817 168
1769070130258 0.93619 169
1769070138641 0.93424 170
1769070146452 0.93061 171
1769070154770 0.93147 172
1769070162478 0.93172 173
1769070170941 0.93351 174
1769070178879 0.93336 175
1769070187465 0.93381 176
1769070195683 0.93476 177
1769070203386 0.93243 178
1769070211764 0.93296 179
1769070220307 0.93281 180
1769070228274 0.93919 181
1769070234341 0.93358442746769 181
