1769102649513 2.2069551944732666 1
1769102684872 1.8243848085403442 2
1769102712148 1.9016716480255127 3
1769102739179 1.7114801406860352 4
1769102765562 1.6954106092453003 5
1769102792583 1.613908290863037 6
1769102818862 1.629369854927063 7
1769102845900 1.8063099384307861 8
1769102872723 2.210054397583008 9
1769102899035 1.6330801248550415 10
1769102925484 1.5578532218933105 11
1769102952412 1.3543601036071777 12
1769102978698 1.6248115301132202 13
1769103005209 1.6283963918685913 14
1769103031908 1.6081478595733643 15
1769103058405 1.4742183685302734 16
1769103085337 1.4674285650253296 17
1769103112068 1.4722840785980225 18
1769103138492 1.7917661666870117 19
1769103165553 1.9234435558319092 20
1769103191826 1.3145771026611328 21
1769103218232 1.5626248121261597 22
1769103244702 1.634582757949829 23
1769103271654 1.7086668014526367 24
1769103297953 1.4765390157699585 25
1769103324589 1.5871796607971191 26
1769103351889 1.3723920583724976 27
1769103378430 1.479575276374817 28
1769103404896 1.3794714212417603 29
1769103431679 1.4628790616989136 30
1769103457928 1.3604286909103394 31
1769103484415 1.4486192464828491 32
1769103511213 1.3354063034057617 33
1769103537578 1.5542337894439697 34
1769103564186 1.8081047534942627 35
1769103590685 1.5309996604919434 36
1769103616986 1.449224829673767 37
1769103643999 1.2382264137268066 38
1769103671450 1.387153148651123 39
1769103697751 1.6198049783706665 40
1769103723993 1.4349020719528198 41
1769103750281 1.4137661457061768 42
1769103776664 1.363999366760254 43
1769103803097 1.580482006072998 44
1769103829359 1.5540993213653564 45
1769103855712 1.628231406211853 46
1769103882001 1.4094897508621216 47
1769103908411 1.225443720817566 48
1769103934792 1.0849370956420898 49
1769103961145 1.4567193984985352 50
1769103988286 1.5203948020935059 51
1769104015259 1.6918984651565552 52
1769104041552 1.3416619300842285 53
1769104067776 1.1856807470321655 54
1769104094196 1.463718295097351 55
1769104120593 1.4083468914031982 56
1769104146948 1.5647839307785034 57
1769104173244 1.3454844951629639 58
1769104199878 1.1576387882232666 59
1769104226801 1.3023860454559326 60
1769104253116 1.5614893436431885 61
1769104279614 1.0616086721420288 62
1769104306083 1.1576160192489624 63
1769104332596 1.267507791519165 64
1769104358853 1.2046278715133667 65
1769104385219 1.1943652629852295 66
1769104411682 1.222378134727478 67
1769104438172 1.2129915952682495 68
1769104464498 1.3778332471847534 69
1769104490765 0.9809414148330688 70
1769104517299 1.3553799390792847 71
1769104543567 1.14335036277771 72
1769104569807 1.2541388273239136 73
1769104596165 1.3474609851837158 74
1769104622641 1.3793432712554932 75
1769104648952 1.2881501913070679 76
1769104675404 1.4095548391342163 77
1769104701934 1.086172342300415 78
1769104728290 1.3289515972137451 79
1769104754684 1.316141128540039 80
1769104780928 1.1566039323806763 81
1769104807586 1.285685658454895 82
1769104834017 1.0978119373321533 83
1769104860644 1.3047739267349243 84
1769104887007 1.400658369064331 85
1769104913401 1.1767162084579468 86
1769104939811 1.2036185264587402 87
1769104966070 1.3339743614196777 88
1769104992489 1.2812820672988892 89
1769105018900 1.2994096279144287 90
1769105027586 1.2994096279144287 90
