1769102649513 6.601609230041504 1
1769102684872 1.3425135612487793 2
1769102712148 1.149372935295105 3
1769102739179 1.2106122970581055 4
1769102765562 1.9908915758132935 5
1769102792583 0.9322177171707153 6
1769102818862 0.7554869651794434 7
1769102845900 1.299938678741455 8
1769102872723 1.6693392992019653 9
1769102899035 0.8152370452880859 10
1769102925484 0.8237355947494507 11
1769102952412 0.6986399292945862 12
1769102978698 0.8930066227912903 13
1769103005209 0.8389408588409424 14
1769103031908 0.8557581901550293 15
1769103058405 0.6790132522583008 16
1769103085337 0.7067110538482666 17
1769103112068 0.7161275148391724 18
1769103138492 0.8880046606063843 19
1769103165553 0.8720894455909729 20
1769103191826 0.7332085967063904 21
1769103218232 0.7394388914108276 22
1769103244702 0.7243711352348328 23
1769103271654 0.6811375021934509 24
1769103297953 0.706350564956665 25
1769103324589 0.8502734303474426 26
1769103351889 0.6929429769515991 27
1769103378430 0.7538914084434509 28
1769103404896 0.6930413246154785 29
1769103431679 0.6286035180091858 30
1769103457928 0.7704935073852539 31
1769103484415 0.6900268793106079 32
1769103511213 0.8477181196212769 33
1769103537578 0.7910341620445251 34
1769103564186 0.7176077961921692 35
1769103590685 0.9616268277168274 36
1769103616986 0.6783387660980225 37
1769103643999 0.6481924653053284 38
1769103671450 0.5747742652893066 39
1769103697751 0.6567425727844238 40
1769103723993 0.6839531064033508 41
1769103750281 0.8429257273674011 42
1769103776664 0.6068638563156128 43
1769103803097 0.6773868799209595 44
1769103829359 0.6962136626243591 45
1769103855712 0.644976019859314 46
1769103882001 0.8366373777389526 47
1769103908411 0.5380966067314148 48
1769103934792 0.5497283339500427 49
1769103961145 0.5708766579627991 50
1769103988286 0.5490251779556274 51
1769104015259 0.6958635449409485 52
1769104041552 0.5004103183746338 53
1769104067776 0.6060859560966492 54
1769104094196 0.688568651676178 55
1769104120593 0.6763933300971985 56
1769104146948 0.5800287127494812 57
1769104173244 0.5752454996109009 58
1769104199878 0.5556294918060303 59
1769104226801 0.48872312903404236 60
1769104253116 0.6312553882598877 61
1769104279614 0.5007245540618896 62
1769104306083 0.555865466594696 63
1769104332596 0.5482724905014038 64
1769104358853 0.5595386028289795 65
1769104385219 0.4747719168663025 66
1769104411682 0.5663463473320007 67
1769104438172 0.5223222374916077 68
1769104464498 0.5201214551925659 69
1769104490765 0.4574958384037018 70
1769104517299 0.5171722173690796 71
1769104543567 0.5304393172264099 72
1769104569807 0.5231081247329712 73
1769104596165 0.49596109986305237 74
1769104622641 0.5183359980583191 75
1769104648952 0.6032665371894836 76
1769104675404 0.5631353259086609 77
1769104701934 0.5151211023330688 78
1769104728290 0.5559842586517334 79
1769104754684 0.5217723846435547 80
1769104780928 0.4929485023021698 81
1769104807586 0.6250396966934204 82
1769104834017 0.5206445455551147 83
1769104860644 0.5391523838043213 84
1769104887007 0.5607500672340393 85
1769104913401 0.5035566091537476 86
1769104939811 0.48129740357398987 87
1769104966070 0.7219687104225159 88
1769104992489 0.5164711475372314 89
1769105018900 0.5458692312240601 90
1769105027586 0.5458692312240601 90
