1769102649513 1.0253894329071045 1
1769102684872 1.1441361904144287 2
1769102712148 1.4090757369995117 3
1769102739179 0.95843505859375 4
1769102765562 1.356416940689087 5
1769102792583 0.9592646360397339 6
1769102818862 1.0823131799697876 7
1769102845900 1.2752710580825806 8
1769102872723 1.7144160270690918 9
1769102899035 1.0605089664459229 10
1769102925484 1.016771912574768 11
1769102952412 1.012158751487732 12
1769102978698 1.103926658630371 13
1769103005209 1.32461416721344 14
1769103031908 1.0231658220291138 15
1769103058405 1.0290969610214233 16
1769103085337 1.1150376796722412 17
1769103112068 1.0999913215637207 18
1769103138492 1.4597944021224976 19
1769103165553 1.2582423686981201 20
1769103191826 0.9720208644866943 21
1769103218232 1.1419768333435059 22
1769103244702 1.380539059638977 23
1769103271654 1.3761132955551147 24
1769103297953 1.0597310066223145 25
1769103324589 0.907041072845459 26
1769103351889 1.0999157428741455 27
1769103378430 1.0786073207855225 28
1769103404896 1.100999116897583 29
1769103431679 1.1020047664642334 30
1769103457928 1.0087321996688843 31
1769103484415 1.0972099304199219 32
1769103511213 0.9878361225128174 33
1769103537578 0.9934427738189697 34
1769103564186 1.4112733602523804 35
1769103590685 1.0003461837768555 36
1769103616986 1.0395978689193726 37
1769103643999 0.8955709934234619 38
1769103671450 1.162489652633667 39
1769103697751 1.1227644681930542 40
1769103723993 0.9529004096984863 41
1769103750281 1.1031874418258667 42
1769103776664 1.186507225036621 43
1769103803097 1.007562279701233 44
1769103829359 1.0660439729690552 45
1769103855712 1.178436040878296 46
1769103882001 1.1621795892715454 47
1769103908411 1.062861680984497 48
1769103934792 1.0693066120147705 49
1769103961145 1.0642313957214355 50
1769103988286 1.16650390625 51
1769104015259 1.2822102308273315 52
1769104041552 1.0092651844024658 53
1769104067776 0.9139294624328613 54
1769104094196 1.2348833084106445 55
1769104120593 1.000646948814392 56
1769104146948 0.9877591133117676 57
1769104173244 0.9835466146469116 58
1769104199878 0.9893274307250977 59
1769104226801 1.0694971084594727 60
1769104253116 0.9801464080810547 61
1769104279614 1.0105938911437988 62
1769104306083 0.975900411605835 63
1769104332596 1.0119953155517578 64
1769104358853 0.9554723501205444 65
1769104385219 1.0306199789047241 66
1769104411682 1.1562860012054443 67
1769104438172 1.019341230392456 68
1769104464498 1.0875495672225952 69
1769104490765 0.889519453048706 70
1769104517299 1.155312180519104 71
1769104543567 0.9167859554290771 72
1769104569807 0.9921128153800964 73
1769104596165 1.064558982849121 74
1769104622641 1.193551778793335 75
1769104648952 1.1249464750289917 76
1769104675404 1.0655312538146973 77
1769104701934 1.0120223760604858 78
1769104728290 1.0770187377929688 79
1769104754684 1.1747691631317139 80
1769104780928 0.9052410125732422 81
1769104807586 0.9445493221282959 82
1769104834017 0.8972322940826416 83
1769104860644 0.9821439981460571 84
1769104887007 1.226515769958496 85
1769104913401 1.0373358726501465 86
1769104939811 0.9220675230026245 87
1769104966070 0.8485757112503052 88
1769104992489 1.180004358291626 89
1769105018900 0.9215892553329468 90
1769105027586 0.9215892553329468 90
