1769089425902 0.0 1
1769089439445 0.047734 2
1769089452825 0.183666 3
1769089467266 0.241107 4
1769089480791 0.290639 5
1769089494402 0.33891600000000005 6
1769089507908 0.435854 7
1769089521460 0.462453 8
1769089535783 0.481952 9
1769089549241 0.49229500000000004 10
1769089563264 0.508058 11
1769089577153 0.526398 12
1769089590846 0.535811 13
1769089605194 0.519344 14
1769089618832 0.49434100000000003 15
1769089632662 0.533212 16
1769089646644 0.545142 17
1769089660941 0.5584210000000001 18
1769089674169 0.5725279999999999 19
1769089687706 0.56623 20
1769089700687 0.55449 21
1769089714772 0.556485 22
1769089727750 0.570747 23
1769089741688 0.561417 24
1769089757004 0.555297 25
1769089770770 0.557067 26
1769089784347 0.5703849999999999 27
1769089798141 0.570804 28
1769089811979 0.57422 29
1769089824795 0.576251 30
1769089838892 0.535431 31
1769089853016 0.53446 32
1769089866116 0.567673 33
1769089879960 0.580714 34
1769089893369 0.583556 35
1769089907241 0.570211 36
1769089920977 0.555222 37
1769089934609 0.580403 38
1769089947887 0.5719900000000001 39
1769089962156 0.5860720000000001 40
1769089975287 0.572407 41
1769089989156 0.594619 42
1769090002581 0.5940409999999999 43
1769090016101 0.570725 44
1769090030503 0.6029650000000001 45
1769090043569 0.58902 46
1769090057720 0.5826640000000001 47
1769090071364 0.588799 48
1769090084556 0.591029 49
1769090098941 0.5986680000000001 50
1769090112368 0.583744 51
1769090126361 0.5659390000000001 52
1769090139944 0.588821 53
1769090153877 0.602478 54
1769090167841 0.603518 55
1769090181344 0.573768 56
1769090195467 0.5940489999999999 57
1769090208993 0.5655789999999999 58
1769090223668 0.588184 59
1769090236941 0.585317 60
1769090250283 0.589089 61
1769090263759 0.602307 62
1769090277496 0.5978380000000001 63
1769090291618 0.583789 64
1769090305088 0.574861 65
1769090319439 0.605546 66
1769090332568 0.598654 67
1769090346170 0.5861740000000001 68
1769090360092 0.5925929999999999 69
1769090373189 0.592851 70
1769090387155 0.5975900000000001 71
1769090400778 0.594904 72
1769090415797 0.590109 73
1769090428978 0.589186 74
1769090442475 0.5972360000000001 75
1769090455893 0.603655 76
1769090469980 0.593626 77
1769090483701 0.605471 78
1769090498651 0.6032190000000001 79
1769090512159 0.6107600000000001 80
1769090525878 0.6014140000000001 81
1769090539267 0.597354 82
1769090552790 0.595687 83
1769090566383 0.582834 84
1769090579981 0.591458 85
1769090594602 0.590944 86
1769090607747 0.597982 87
1769090621972 0.60002 88
1769090635958 0.607686 89
1769090649786 0.601846 90
1769090663541 0.6009950000000002 91
1769090676980 0.595683 92
1769090691001 0.59907 93
1769090704644 0.6056590000000002 94
1769090718277 0.5908610000000001 95
1769090731556 0.602098 96
1769090745445 0.5855220000000001 97
1769090759510 0.596681 98
1769090773114 0.607023 99
1769090787177 0.5943050000000001 100
1769090800054 0.602902 101
1769090814250 0.599617 102
1769090828041 0.5952620000000001 103
1769090841247 0.601398 104
1769090855141 0.5965670000000001 105
1769090868672 0.599076 106
1769090883562 0.6024780000000001 107
1769090896576 0.601624 108
1769090910463 0.5960430000000001 109
1769090923552 0.607067 110
1769090932120 0.6104102974849019 110
