1769089425902 0.0 1
1769089439445 0.04324 2
1769089452825 0.16462 3
1769089467266 0.21983 4
1769089480791 0.26373 5
1769089494402 0.30713 6
1769089507908 0.39576 7
1769089521460 0.42041 8
1769089535783 0.43886 9
1769089549241 0.44841 10
1769089563264 0.46752 11
1769089577153 0.48384 12
1769089590846 0.49204 13
1769089605194 0.47604 14
1769089618832 0.44888 15
1769089632662 0.48942 16
1769089646644 0.50034 17
1769089660941 0.51517 18
1769089674169 0.53018 19
1769089687706 0.52295 20
1769089700687 0.50944 21
1769089714772 0.51215 22
1769089727750 0.52754 23
1769089741688 0.51939 24
1769089757004 0.51142 25
1769089770770 0.51221 26
1769089784347 0.52726 27
1769089798141 0.52699 28
1769089811979 0.53175 29
1769089824795 0.53394 30
1769089838892 0.48944 31
1769089853016 0.48926 32
1769089866116 0.52504 33
1769089879960 0.53908 34
1769089893369 0.5418 35
1769089907241 0.52602 36
1769089920977 0.5102 37
1769089934609 0.53837 38
1769089947887 0.52897 39
1769089962156 0.54368 40
1769089975287 0.52928 41
1769089989156 0.55259 42
1769090002581 0.55209 43
1769090016101 0.52685 44
1769090030503 0.56205 45
1769090043569 0.54619 46
1769090057720 0.53959 47
1769090071364 0.54631 48
1769090084556 0.54834 49
1769090098941 0.55705 50
1769090112368 0.54056 51
1769090126361 0.521 52
1769090139944 0.54586 53
1769090153877 0.56069 54
1769090167841 0.56231 55
1769090181344 0.52933 56
1769090195467 0.55155 57
1769090208993 0.51977 58
1769090223668 0.545 59
1769090236941 0.54182 60
1769090250283 0.54601 61
1769090263759 0.56067 62
1769090277496 0.55588 63
1769090291618 0.54057 64
1769090305088 0.53092 65
1769090319439 0.56421 66
1769090332568 0.55686 67
1769090346170 0.54305 68
1769090360092 0.54985 69
1769090373189 0.55066 70
1769090387155 0.55528 71
1769090400778 0.55301 72
1769090415797 0.54802 73
1769090428978 0.54653 74
1769090442475 0.55572 75
1769090455893 0.56261 76
1769090469980 0.55147 77
1769090483701 0.56397 78
1769090498651 0.56189 79
1769090512159 0.57037 80
1769090525878 0.55971 81
1769090539267 0.55527 82
1769090552790 0.55353 83
1769090566383 0.53899 84
1769090579981 0.54876 85
1769090594602 0.54829 86
1769090607747 0.55598 87
1769090621972 0.55767 88
1769090635958 0.56646 89
1769090649786 0.55975 90
1769090663541 0.559 91
1769090676980 0.55321 92
1769090691001 0.55707 93
1769090704644 0.56483 94
1769090718277 0.54817 95
1769090731556 0.55991 96
1769090745445 0.54224 97
1769090759510 0.55393 98
1769090773114 0.56544 99
1769090787177 0.55159 100
1769090800054 0.5612 101
1769090814250 0.55712 102
1769090828041 0.553 103
1769090841247 0.55952 104
1769090855141 0.55435 105
1769090868672 0.55699 106
1769090883562 0.56124 107
1769090896576 0.56028 108
1769090910463 0.55364 109
1769090923552 0.56568 110
1769090932120 0.5699798689922297 110
