1769089425902 0.0 1
1769089439445 0.08818 2
1769089452825 0.35508 3
1769089467266 0.4326 4
1769089480791 0.53282 5
1769089494402 0.62499 6
1769089507908 0.7967 7
1769089521460 0.84084 8
1769089535783 0.86978 9
1769089549241 0.88726 10
1769089563264 0.8729 11
1769089577153 0.90942 12
1769089590846 0.92975 13
1769089605194 0.90908 14
1769089618832 0.90349 15
1769089632662 0.92734 16
1769089646644 0.94836 17
1769089660941 0.94768 18
1769089674169 0.95366 19
1769089687706 0.95575 20
1769089700687 0.95994 21
1769089714772 0.9555 22
1769089727750 0.95961 23
1769089741688 0.93966 24
1769089757004 0.95019 25
1769089770770 0.96078 26
1769089784347 0.95851 27
1769089798141 0.96513 28
1769089811979 0.95645 29
1769089824795 0.95705 30
1769089838892 0.94935 31
1769089853016 0.94126 32
1769089866116 0.95137 33
1769089879960 0.95542 34
1769089893369 0.95936 35
1769089907241 0.96793 36
1769089920977 0.96042 37
1769089934609 0.9587 38
1769089947887 0.95917 39
1769089962156 0.9676 40
1769089975287 0.96055 41
1769089989156 0.97288 42
1769090002581 0.9716 43
1769090016101 0.9656 44
1769090030503 0.9712 45
1769090043569 0.97449 46
1769090057720 0.97033 47
1769090071364 0.9712 48
1769090084556 0.97523 49
1769090098941 0.97323 50
1769090112368 0.9724 51
1769090126361 0.97039 52
1769090139944 0.97547 53
1769090153877 0.97857 54
1769090167841 0.97439 55
1769090181344 0.97371 56
1769090195467 0.97654 57
1769090208993 0.97786 58
1769090223668 0.97684 59
1769090236941 0.97679 60
1769090250283 0.9768 61
1769090263759 0.97704 62
1769090277496 0.97546 63
1769090291618 0.97276 64
1769090305088 0.97033 65
1769090319439 0.97757 66
1769090332568 0.9748 67
1769090346170 0.97429 68
1769090360092 0.97728 69
1769090373189 0.97257 70
1769090387155 0.97838 71
1769090400778 0.97195 72
1769090415797 0.96891 73
1769090428978 0.97309 74
1769090442475 0.97088 75
1769090455893 0.97306 76
1769090469980 0.97303 77
1769090483701 0.97898 78
1769090498651 0.97518 79
1769090512159 0.97427 80
1769090525878 0.97675 81
1769090539267 0.97611 82
1769090552790 0.9751 83
1769090566383 0.97743 84
1769090579981 0.97574 85
1769090594602 0.97483 86
1769090607747 0.976 87
1769090621972 0.98117 88
1769090635958 0.97872 89
1769090649786 0.98071 90
1769090663541 0.97895 91
1769090676980 0.97794 92
1769090691001 0.97707 93
1769090704644 0.97312 94
1769090718277 0.97508 95
1769090731556 0.98179 96
1769090745445 0.97506 97
1769090759510 0.98144 98
1769090773114 0.98127 99
1769090787177 0.97874 100
1769090800054 0.97822 101
1769090814250 0.98209 102
1769090828041 0.97562 103
1769090841247 0.9783 104
1769090855141 0.97652 105
1769090868672 0.97785 106
1769090883562 0.97362 107
1769090896576 0.97372 108
1769090910463 0.97767 109
1769090923552 0.97955 110
1769090932120 0.9742841539189513 110
