1769071295956 1.8394016027450562 1
1769071308879 2.3316895961761475 2
1769071322499 1.907829761505127 3
1769071335167 2.0424416065216064 4
1769071347698 1.9376275539398193 5
1769071360155 1.848853349685669 6
1769071373664 1.4825347661972046 7
1769071388054 2.0478551387786865 8
1769071400876 2.495678663253784 9
1769071416373 1.7213129997253418 10
1769071429950 1.7215607166290283 11
1769071443949 1.3235896825790405 12
1769071457171 1.7476284503936768 13
1769071470201 1.5566041469573975 14
1769071484552 1.9319489002227783 15
1769071496567 1.6358939409255981 16
1769071509741 1.5310416221618652 17
1769071524248 1.6644505262374878 18
1769071537080 1.594497799873352 19
1769071549795 1.9182778596878052 20
1769071562093 1.4487205743789673 21
1769071575995 1.6336607933044434 22
1769071590548 1.4831405878067017 23
1769071605397 2.1240737438201904 24
1769071618441 1.4692500829696655 25
1769071631286 1.6779611110687256 26
1769071644290 1.5120089054107666 27
1769071659064 1.3957319259643555 28
1769071672779 1.6120843887329102 29
1769071686585 1.3445234298706055 30
1769071699458 1.3507574796676636 31
1769071712966 1.4734548330307007 32
1769071726997 1.532554030418396 33
1769071739660 1.4996693134307861 34
1769071752360 1.758151888847351 35
1769071766953 1.5499224662780762 36
1769071780760 1.5218497514724731 37
1769071796267 1.4011937379837036 38
1769071808759 1.4271175861358643 39
1769071821849 1.444981575012207 40
1769071835374 1.7250727415084839 41
1769071849568 1.4463391304016113 42
1769071862146 1.4965159893035889 43
1769071874563 1.6392306089401245 44
1769071889496 1.4951690435409546 45
1769071902556 1.522961139678955 46
1769071915453 1.292487621307373 47
1769071928749 1.2735234498977661 48
1769071941790 1.2450941801071167 49
1769071956550 1.5349209308624268 50
1769071969788 1.6229859590530396 51
1769071983562 1.7646106481552124 52
1769071997550 1.506216287612915 53
1769072010761 1.3364930152893066 54
1769072024444 1.7799766063690186 55
1769072037741 1.5372638702392578 56
1769072049382 1.499720811843872 57
1769072062575 1.2511529922485352 58
1769072077375 1.2996584177017212 59
1769072090271 1.28433358669281 60
1769072104889 1.433396577835083 61
1769072117683 1.0865051746368408 62
1769072132041 1.217477560043335 63
1769072145648 1.3648266792297363 64
1769072160698 1.2816702127456665 65
1769072173456 1.212118148803711 66
1769072185982 1.2670401334762573 67
1769072200451 1.3055672645568848 68
1769072213688 1.286440134048462 69
1769072227368 1.0345396995544434 70
1769072240003 1.3696508407592773 71
1769072252887 1.2155407667160034 72
1769072266703 1.452073097229004 73
1769072281341 1.283871054649353 74
1769072294093 1.0676878690719604 75
1769072306697 1.1656235456466675 76
1769072321771 1.4649735689163208 77
1769072335759 1.0951647758483887 78
1769072348444 1.4296494722366333 79
1769072362857 1.2263239622116089 80
1769072375541 1.263424038887024 81
1769072387592 1.3104146718978882 82
1769072401463 1.1813583374023438 83
1769072414470 1.4382543563842773 84
1769072428351 1.5387001037597656 85
1769072442673 1.170883297920227 86
1769072456257 1.3282510042190552 87
1769072469914 1.7102617025375366 88
1769072484487 1.3189946413040161 89
1769072497082 1.3292465209960938 90
1769072511855 1.1095432043075562 91
1769072523970 1.1496671438217163 92
1769072538281 1.2196149826049805 93
1769072550845 1.4434852600097656 94
1769072562400 1.2091808319091797 95
1769072576160 1.1123543977737427 96
1769072590162 1.0878808498382568 97
1769072602944 1.0237948894500732 98
1769072617390 1.172037959098816 99
1769072631084 1.0145714282989502 100
1769072645247 1.5322513580322266 101
1769072658641 1.1157821416854858 102
1769072672781 1.109839916229248 103
1769072687203 1.2356510162353516 104
1769072700479 1.1587510108947754 105
1769072713383 1.2957801818847656 106
1769072726970 1.022308349609375 107
1769072739680 0.9392622113227844 108
1769072753071 1.0562525987625122 109
1769072767255 0.966939389705658 110
1769072780273 1.1744507551193237 111
1769072793041 1.3420888185501099 112
1769072807263 1.0979276895523071 113
1769072821446 0.922285258769989 114
1769072834762 0.9721035957336426 115
1769072847989 1.2627085447311401 116
1769072861772 1.1400552988052368 117
1769072875350 1.133029580116272 118
1769072887565 1.2528272867202759 119
1769072903481 1.169796347618103 120
1769072916266 1.1825629472732544 121
1769072930347 1.0841121673583984 122
1769072943700 0.990884006023407 123
1769072955986 1.1255203485488892 124
1769072969089 1.3052501678466797 125
1769072982783 0.93528151512146 126
1769072996045 0.9540510177612305 127
1769073011341 1.1819487810134888 128
1769073024581 0.7865175008773804 129
1769073037183 0.965125322341919 130
1769073049151 1.1807278394699097 131
1769073063461 0.8950724601745605 132
1769073076584 1.0105236768722534 133
1769073091962 1.165431022644043 134
1769073104301 1.1310337781906128 135
1769073118861 1.0114521980285645 136
1769073132566 1.182389736175537 137
1769073147159 1.0296188592910767 138
1769073159672 1.1063673496246338 139
1769073172684 0.9539951086044312 140
1769073186071 0.7971858382225037 141
1769073200085 1.1504369974136353 142
1769073212891 0.7612208724021912 143
1769073225744 0.9395836591720581 144
1769073240302 1.006149172782898 145
1769073252688 0.9764014482498169 146
1769073267389 0.9242061972618103 147
1769073281561 0.8940481543540955 148
1769073295145 0.9076142907142639 149
1769073308374 1.0877374410629272 150
1769073322454 1.0421476364135742 151
1769073334777 0.986254870891571 152
1769073350677 1.0145642757415771 153
1769073363341 1.0243151187896729 154
1769073376152 0.7577555775642395 155
1769073388651 1.3858953714370728 156
1769073402186 0.8714383840560913 157
1769073415285 0.9698864221572876 158
1769073430290 1.0225647687911987 159
1769073443578 1.1366621255874634 160
1769073456244 0.9371273517608643 161
1769073468582 1.0052165985107422 162
1769073483444 0.8906365036964417 163
1769073497642 0.9330005049705505 164
1769073512758 0.8679285645484924 165
1769073524767 0.9808630347251892 166
1769073539146 0.8878021836280823 167
1769073551245 0.9370684027671814 168
1769073564771 0.96292644739151 169
1769073577075 0.9224200248718262 170
1769073590176 0.9207510352134705 171
1769073603853 1.0380078554153442 172
1769073618195 0.9329782128334045 173
1769073631451 0.8332907557487488 174
1769073646104 0.8324328660964966 175
1769073659447 0.8467283248901367 176
1769073672972 1.1479982137680054 177
1769073686193 0.7756651043891907 178
1769073700547 0.8761981725692749 179
1769073711202 0.8761981725692749 179
