1769071295956 6.27468204498291 1
1769071308879 3.5660147666931152 2
1769071322499 2.573636054992676 3
1769071335167 2.3416121006011963 4
1769071347698 2.4096367359161377 5
1769071360155 1.8087562322616577 6
1769071373664 1.3358759880065918 7
1769071388054 1.901347279548645 8
1769071400876 2.13952898979187 9
1769071416373 1.2172577381134033 10
1769071429950 1.1142854690551758 11
1769071443949 0.9137574434280396 12
1769071457171 1.1937065124511719 13
1769071470201 1.0460582971572876 14
1769071484552 1.3622496128082275 15
1769071496567 1.1918057203292847 16
1769071509741 1.1031848192214966 17
1769071524248 0.9462022185325623 18
1769071537080 1.1035771369934082 19
1769071549795 1.0620168447494507 20
1769071562093 0.9009979367256165 21
1769071575995 0.9716513752937317 22
1769071590548 0.8222746849060059 23
1769071605397 1.0872187614440918 24
1769071618441 0.8728418350219727 25
1769071631286 1.0212812423706055 26
1769071644290 0.9040747284889221 27
1769071659064 0.8073219060897827 28
1769071672779 1.041379451751709 29
1769071686585 0.7774949669837952 30
1769071699458 0.8418052792549133 31
1769071712966 0.8209366798400879 32
1769071726997 1.1109023094177246 33
1769071739660 0.9173324108123779 34
1769071752360 0.9641198515892029 35
1769071766953 0.9917603135108948 36
1769071780760 0.9610670804977417 37
1769071796267 0.7160951495170593 38
1769071808759 0.7610262036323547 39
1769071821849 0.7800260782241821 40
1769071835374 0.8182953596115112 41
1769071849568 0.9171402454376221 42
1769071862146 0.7514076232910156 43
1769071874563 0.9786540865898132 44
1769071889496 0.7469822764396667 45
1769071902556 0.788983941078186 46
1769071915453 0.6419146060943604 47
1769071928749 0.6863583922386169 48
1769071941790 0.692010223865509 49
1769071956550 0.7399227619171143 50
1769071969788 0.7088640332221985 51
1769071983562 1.0078734159469604 52
1769071997550 0.6972622275352478 53
1769072010761 0.7826657891273499 54
1769072024444 1.0722576379776 55
1769072037741 0.8202139139175415 56
1769072049382 0.7751366496086121 57
1769072062575 0.6034001111984253 58
1769072077375 0.6296467781066895 59
1769072090271 0.6170467138290405 60
1769072104889 0.6587699055671692 61
1769072117683 0.5643338561058044 62
1769072132041 0.629593014717102 63
1769072145648 0.6547653675079346 64
1769072160698 0.7005140781402588 65
1769072173456 0.6152738928794861 66
1769072185982 0.6596317887306213 67
1769072200451 0.6344245076179504 68
1769072213688 0.6173245310783386 69
1769072227368 0.6876911520957947 70
1769072240003 0.5614529848098755 71
1769072252887 0.6062796711921692 72
1769072266703 0.6199208498001099 73
1769072281341 0.5804886221885681 74
1769072294093 0.5252549052238464 75
1769072306697 0.696413516998291 76
1769072321771 0.6287738084793091 77
1769072335759 0.5431103706359863 78
1769072348444 0.6911302804946899 79
1769072362857 0.6723347306251526 80
1769072375541 0.5936402678489685 81
1769072387592 0.6579557657241821 82
1769072401463 0.5875588655471802 83
1769072414470 0.6916955709457397 84
1769072428351 0.6426582932472229 85
1769072442673 0.5507065653800964 86
1769072456257 0.7148776650428772 87
1769072469914 0.9702643752098083 88
1769072484487 0.6321648955345154 89
1769072497082 0.7544925212860107 90
1769072511855 0.6054031252861023 91
1769072523970 0.5604703426361084 92
1769072538281 0.5770220160484314 93
1769072550845 0.6827835440635681 94
1769072562400 0.5698950290679932 95
1769072576160 0.5363149642944336 96
1769072590162 0.6335321068763733 97
1769072602944 0.4699253439903259 98
1769072617390 0.5074418783187866 99
1769072631084 0.5223723649978638 100
1769072645247 0.7726803421974182 101
1769072658641 0.5405409932136536 102
1769072672781 0.5910916924476624 103
1769072687203 0.5278335213661194 104
1769072700479 0.5868706703186035 105
1769072713383 0.5762471556663513 106
1769072726970 0.5381462574005127 107
1769072739680 0.4734901487827301 108
1769072753071 0.5055504441261292 109
1769072767255 0.5063557624816895 110
1769072780273 0.5465149879455566 111
1769072793041 0.6064950823783875 112
1769072807263 0.5965575575828552 113
1769072821446 0.49946290254592896 114
1769072834762 0.5896960496902466 115
1769072847989 0.8102753162384033 116
1769072861772 0.5265481472015381 117
1769072875350 0.582333505153656 118
1769072887565 0.5811235308647156 119
1769072903481 0.4852016270160675 120
1769072916266 0.5863175988197327 121
1769072930347 0.44180750846862793 122
1769072943700 0.49253347516059875 123
1769072955986 0.5530018210411072 124
1769072969089 0.6369245052337646 125
1769072982783 0.43595021963119507 126
1769072996045 0.40631675720214844 127
1769073011341 0.58896404504776 128
1769073024581 0.45955199003219604 129
1769073037183 0.4522503614425659 130
1769073049151 0.600001335144043 131
1769073063461 0.45900383591651917 132
1769073076584 0.44572240114212036 133
1769073091962 0.6742773652076721 134
1769073104301 0.6899640560150146 135
1769073118861 0.509272038936615 136
1769073132566 0.671983540058136 137
1769073147159 0.5501761436462402 138
1769073159672 0.5873820781707764 139
1769073172684 0.4941897690296173 140
1769073186071 0.42629170417785645 141
1769073200085 0.6493443846702576 142
1769073212891 0.3971068859100342 143
1769073225744 0.5457591414451599 144
1769073240302 0.49934399127960205 145
1769073252688 0.49106061458587646 146
1769073267389 0.4435412585735321 147
1769073281561 0.4640188217163086 148
1769073295145 0.45544835925102234 149
1769073308374 0.5085617303848267 150
1769073322454 0.4708232879638672 151
1769073334777 0.6060740351676941 152
1769073350677 0.5384771823883057 153
1769073363341 0.47060805559158325 154
1769073376152 0.4055629372596741 155
1769073388651 0.7567429542541504 156
1769073402186 0.4964786767959595 157
1769073415285 0.43098172545433044 158
1769073430290 0.46467193961143494 159
1769073443578 0.4840167760848999 160
1769073456244 0.511806845664978 161
1769073468582 0.4661389887332916 162
1769073483444 0.4656996428966522 163
1769073497642 0.4922260046005249 164
1769073512758 0.4435233771800995 165
1769073524767 0.44621169567108154 166
1769073539146 0.4678722321987152 167
1769073551245 0.5252546668052673 168
1769073564771 0.4716239869594574 169
1769073577075 0.4681938886642456 170
1769073590176 0.3891594707965851 171
1769073603853 0.5505891442298889 172
1769073618195 0.6343153119087219 173
1769073631451 0.403026282787323 174
1769073646104 0.42207005620002747 175
1769073659447 0.40209755301475525 176
1769073672972 0.4959927797317505 177
1769073686193 0.3931575119495392 178
1769073700547 0.5501342415809631 179
1769073711202 0.5501342415809631 179
