1769071295956 0.9744556546211243 1
1769071308879 1.2412453889846802 2
1769071322499 1.486664056777954 3
1769071335167 1.043177604675293 4
1769071347698 1.4008657932281494 5
1769071360155 1.0296486616134644 6
1769071373664 1.0266234874725342 7
1769071388054 1.3602995872497559 8
1769071400876 1.599113941192627 9
1769071416373 1.0710623264312744 10
1769071429950 1.0790570974349976 11
1769071443949 0.9662206172943115 12
1769071457171 1.0993636846542358 13
1769071470201 1.2242673635482788 14
1769071484552 1.0633950233459473 15
1769071496567 1.036746621131897 16
1769071509741 1.0950394868850708 17
1769071524248 1.1459832191467285 18
1769071537080 1.2391369342803955 19
1769071549795 1.2043505907058716 20
1769071562093 1.0053441524505615 21
1769071575995 1.1674269437789917 22
1769071590548 1.317724585533142 23
1769071605397 1.4616780281066895 24
1769071618441 1.0115690231323242 25
1769071631286 0.9609219431877136 26
1769071644290 1.1483209133148193 27
1769071659064 1.0619720220565796 28
1769071672779 1.1272450685501099 29
1769071686585 1.0454730987548828 30
1769071699458 0.9733426570892334 31
1769071712966 1.0861856937408447 32
1769071726997 1.0038518905639648 33
1769071739660 0.9621707797050476 34
1769071752360 1.2588081359863281 35
1769071766953 1.0108916759490967 36
1769071780760 1.0553568601608276 37
1769071796267 0.9470561742782593 38
1769071808759 1.091874122619629 39
1769071821849 1.0820422172546387 40
1769071835374 0.9978809356689453 41
1769071849568 1.125826358795166 42
1769071862146 1.237550973892212 43
1769071874563 0.9856823682785034 44
1769071889496 1.0725350379943848 45
1769071902556 1.121077299118042 46
1769071915453 1.0912888050079346 47
1769071928749 1.074657917022705 48
1769071941790 1.1262667179107666 49
1769071956550 1.0518792867660522 50
1769071969788 1.2125861644744873 51
1769071983562 1.2611417770385742 52
1769071997550 1.1178452968597412 53
1769072010761 0.9499679803848267 54
1769072024444 1.2671716213226318 55
1769072037741 1.052607774734497 56
1769072049382 0.9522244930267334 57
1769072062575 0.9527086019515991 58
1769072077375 1.0303679704666138 59
1769072090271 1.0559074878692627 60
1769072104889 0.9569733142852783 61
1769072117683 1.0089222192764282 62
1769072132041 1.0052947998046875 63
1769072145648 1.0474497079849243 64
1769072160698 0.9945268630981445 65
1769072173456 1.0274059772491455 66
1769072185982 1.0981436967849731 67
1769072200451 1.0337032079696655 68
1769072213688 1.0661451816558838 69
1769072227368 0.9201561212539673 70
1769072240003 1.1132862567901611 71
1769072252887 0.9196964502334595 72
1769072266703 1.015101671218872 73
1769072281341 1.0500081777572632 74
1769072294093 1.0062248706817627 75
1769072306697 1.0896379947662354 76
1769072321771 1.0700843334197998 77
1769072335759 0.9912692308425903 78
1769072348444 1.0656404495239258 79
1769072362857 1.0815925598144531 80
1769072375541 0.8914216756820679 81
1769072387592 0.9623821377754211 82
1769072401463 0.879258394241333 83
1769072414470 1.0347741842269897 84
1769072428351 1.267095685005188 85
1769072442673 1.034120798110962 86
1769072456257 0.9688807725906372 87
1769072469914 0.8932458758354187 88
1769072484487 1.1673686504364014 89
1769072497082 0.9342292547225952 90
1769072511855 0.9692634344100952 91
1769072523970 0.9429540634155273 92
1769072538281 0.934404730796814 93
1769072550845 1.0690906047821045 94
1769072562400 1.0599879026412964 95
1769072576160 0.9082169532775879 96
1769072590162 1.0047482252120972 97
1769072602944 0.9462729692459106 98
1769072617390 1.0688148736953735 99
1769072631084 0.9645155668258667 100
1769072645247 1.3000925779342651 101
1769072658641 1.0353665351867676 102
1769072672781 0.897219181060791 103
1769072687203 1.1666675806045532 104
1769072700479 0.9251720905303955 105
1769072713383 0.9921035766601562 106
1769072726970 0.903967559337616 107
1769072739680 1.03078031539917 108
1769072753071 0.9319360256195068 109
1769072767255 0.8588904142379761 110
1769072780273 0.9863339066505432 111
1769072793041 0.9316449165344238 112
1769072807263 0.8364427089691162 113
1769072821446 0.9316866397857666 114
1769072834762 0.9057236909866333 115
1769072847989 0.8718370199203491 116
1769072861772 0.9168689250946045 117
1769072875350 1.0073914527893066 118
1769072887565 0.9855442047119141 119
1769072903481 1.0591908693313599 120
1769072916266 0.9710628390312195 121
1769072930347 1.0017722845077515 122
1769072943700 1.0586771965026855 123
1769072955986 0.9918989539146423 124
1769072969089 0.935840368270874 125
1769072982783 0.8873140811920166 126
1769072996045 0.8922579288482666 127
1769073011341 0.9325076937675476 128
1769073024581 0.8337693214416504 129
1769073037183 0.9317425489425659 130
1769073049151 0.8521884083747864 131
1769073063461 0.8548271656036377 132
1769073076584 0.9212217330932617 133
1769073091962 0.9104045033454895 134
1769073104301 0.9061347246170044 135
1769073118861 0.9923955202102661 136
1769073132566 0.9494481086730957 137
1769073147159 1.002678632736206 138
1769073159672 1.0950385332107544 139
1769073172684 0.8351540565490723 140
1769073186071 0.8903952836990356 141
1769073200085 0.8881900906562805 142
1769073212891 0.8700202703475952 143
1769073225744 0.8920638561248779 144
1769073240302 0.8657829165458679 145
1769073252688 0.882992148399353 146
1769073267389 0.8700351715087891 147
1769073281561 0.8609265089035034 148
1769073295145 0.8962585926055908 149
1769073308374 0.8987662196159363 150
1769073322454 0.8630210161209106 151
1769073334777 0.8764219284057617 152
1769073350677 0.9029662609100342 153
1769073363341 0.9155188798904419 154
1769073376152 0.8833945989608765 155
1769073388651 0.9314019083976746 156
1769073402186 0.9378789067268372 157
1769073415285 0.9196255803108215 158
1769073430290 0.8997535705566406 159
1769073443578 1.109452247619629 160
1769073456244 0.8882567882537842 161
1769073468582 0.9367061853408813 162
1769073483444 0.9219104051589966 163
1769073497642 0.8765654563903809 164
1769073512758 0.8147014379501343 165
1769073524767 0.9284572601318359 166
1769073539146 0.8693327307701111 167
1769073551245 0.9096411466598511 168
1769073564771 0.853441596031189 169
1769073577075 0.8608809113502502 170
1769073590176 0.8840399980545044 171
1769073603853 0.8983628749847412 172
1769073618195 0.8875238299369812 173
1769073631451 0.9521032571792603 174
1769073646104 0.8725035190582275 175
1769073659447 0.8976401090621948 176
1769073672972 0.9429435729980469 177
1769073686193 0.8264182806015015 178
1769073700547 0.8899438977241516 179
1769073711202 0.8899438977241516 179
