1769096289421 2.1879639625549316 1
1769096311201 1.6591917276382446 2
1769096332883 1.9800761938095093 3
1769096354626 1.6543622016906738 4
1769096376100 1.7613000869750977 5
1769096397690 1.508872628211975 6
1769096419208 1.6760073900222778 7
1769096440369 1.7541555166244507 8
1769096461549 2.0649428367614746 9
1769096482701 1.5100772380828857 10
1769096504174 1.3974864482879639 11
1769096525653 1.2631783485412598 12
1769096547099 1.562140703201294 13
1769096568571 1.5109385251998901 14
1769096590044 1.4456852674484253 15
1769096611245 1.6050236225128174 16
1769096632518 1.4320886135101318 17
1769096653718 1.4989322423934937 18
1769096675052 2.0249316692352295 19
1769096696391 1.4677382707595825 20
1769096717700 1.2636375427246094 21
1769096738873 1.4408327341079712 22
1769096760047 1.5677499771118164 23
1769096781215 1.5852880477905273 24
1769096802394 1.3707438707351685 25
1769096823793 1.639968752861023 26
1769096844954 1.403254747390747 27
1769096866240 1.574009895324707 28
1769096887496 1.4876463413238525 29
1769096908845 1.199747920036316 30
1769096929986 1.2551319599151611 31
1769096951187 1.5539350509643555 32
1769096972693 1.4846007823944092 33
1769096993834 1.5324015617370605 34
1769097015137 1.73394775390625 35
1769097036530 1.38968825340271 36
1769097057687 1.4998997449874878 37
1769097078860 1.1859850883483887 38
1769097100168 1.4710907936096191 39
1769097121303 1.4242181777954102 40
1769097142522 1.5948596000671387 41
1769097163697 1.3921159505844116 42
1769097185077 1.7028264999389648 43
1769097206447 1.479656457901001 44
1769097227599 1.4896844625473022 45
1769097248813 1.4019180536270142 46
1769097270012 1.1197264194488525 47
1769097291256 1.266161561012268 48
1769097312450 1.2951570749282837 49
1769097333641 1.4317883253097534 50
1769097354888 1.5634933710098267 51
1769097376283 1.6516696214675903 52
1769097397469 1.373884677886963 53
1769097418674 1.2628730535507202 54
1769097440198 1.41965651512146 55
1769097461391 1.3746116161346436 56
1769097482568 1.5993521213531494 57
1769097503833 1.1840496063232422 58
1769097525117 1.3483561277389526 59
1769097546253 1.4050437211990356 60
1769097567487 1.3381657600402832 61
1769097589131 1.193145751953125 62
1769097610667 1.037423849105835 63
1769097631891 1.3047696352005005 64
1769097653105 1.2429301738739014 65
1769097674485 1.1099562644958496 66
1769097695688 1.286802887916565 67
1769097717025 1.1535229682922363 68
1769097738273 1.5691773891448975 69
1769097759522 1.0071264505386353 70
1769097780856 1.209025263786316 71
1769097802239 1.1543736457824707 72
1769097823573 1.2345019578933716 73
1769097844856 1.2834476232528687 74
1769097866124 1.167249083518982 75
1769097887508 1.1485539674758911 76
1769097908847 1.403807282447815 77
1769097930008 1.3170729875564575 78
1769097951249 1.2656704187393188 79
1769097972671 1.2263133525848389 80
1769097993947 1.1673214435577393 81
1769098015319 1.2248780727386475 82
1769098036556 1.2346532344818115 83
1769098057890 1.4652856588363647 84
1769098079043 1.4268616437911987 85
1769098100279 1.03677499294281 86
1769098121521 1.1458953619003296 87
1769098142821 1.765932321548462 88
1769098164081 1.3019306659698486 89
1769098185315 1.2392176389694214 90
1769098206635 1.0660475492477417 91
1769098227890 1.0642238855361938 92
1769098249081 1.119027018547058 93
1769098257937 1.119027018547058 93
