1769096289421 6.107261657714844 1
1769096311201 1.5369511842727661 2
1769096332883 1.4763553142547607 3
1769096354626 1.0483191013336182 4
1769096376100 1.0531868934631348 5
1769096397690 0.9725804328918457 6
1769096419208 0.8657676577568054 7
1769096440369 1.128998041152954 8
1769096461549 1.6750761270523071 9
1769096482701 0.8380170464515686 10
1769096504174 0.74393630027771 11
1769096525653 0.6242640614509583 12
1769096547099 0.8718661665916443 13
1769096568571 0.8482019901275635 14
1769096590044 0.8201992511749268 15
1769096611245 0.7817826867103577 16
1769096632518 0.7655514478683472 17
1769096653718 0.7752465009689331 18
1769096675052 0.7737016081809998 19
1769096696391 0.7055065631866455 20
1769096717700 0.6372447609901428 21
1769096738873 0.7293785214424133 22
1769096760047 0.7696465849876404 23
1769096781215 0.6139110326766968 24
1769096802394 0.5960785150527954 25
1769096823793 0.869221031665802 26
1769096844954 0.6462229490280151 27
1769096866240 0.7028684616088867 28
1769096887496 0.6877782344818115 29
1769096908845 0.5393509864807129 30
1769096929986 0.6589199304580688 31
1769096951187 0.7180683612823486 32
1769096972693 0.8083208799362183 33
1769096993834 0.7283790707588196 34
1769097015137 0.7180634140968323 35
1769097036530 0.7055623531341553 36
1769097057687 0.7594561576843262 37
1769097078860 0.5257233381271362 38
1769097100168 0.5764562487602234 39
1769097121303 0.6310669183731079 40
1769097142522 0.6742064356803894 41
1769097163697 0.7359275221824646 42
1769097185077 0.6324518322944641 43
1769097206447 0.7111098170280457 44
1769097227599 0.7242592573165894 45
1769097248813 0.6583001613616943 46
1769097270012 0.5324941277503967 47
1769097291256 0.5496315360069275 48
1769097312450 0.5963366627693176 49
1769097333641 0.5953398942947388 50
1769097354888 0.5788624286651611 51
1769097376283 0.7979946732521057 52
1769097397469 0.6361473798751831 53
1769097418674 0.6686288714408875 54
1769097440198 0.568648099899292 55
1769097461391 0.685146152973175 56
1769097482568 0.584714949131012 57
1769097503833 0.503571629524231 58
1769097525117 0.6128011345863342 59
1769097546253 0.5183368921279907 60
1769097567487 0.5892043113708496 61
1769097589131 0.5049434304237366 62
1769097610667 0.5291200280189514 63
1769097631891 0.5625323057174683 64
1769097653105 0.5733357667922974 65
1769097674485 0.5250622630119324 66
1769097695688 0.6697788834571838 67
1769097717025 0.5174704790115356 68
1769097738273 0.5451856851577759 69
1769097759522 0.5212864875793457 70
1769097780856 0.5014437437057495 71
1769097802239 0.5030633211135864 72
1769097823573 0.5286728143692017 73
1769097844856 0.5102631449699402 74
1769097866124 0.5430113077163696 75
1769097887508 0.5421525835990906 76
1769097908847 0.5912508964538574 77
1769097930008 0.5413286089897156 78
1769097951249 0.5589239597320557 79
1769097972671 0.5278933048248291 80
1769097993947 0.5031956434249878 81
1769098015319 0.5569082498550415 82
1769098036556 0.4841734766960144 83
1769098057890 0.6025212407112122 84
1769098079043 0.5788060426712036 85
1769098100279 0.4562898278236389 86
1769098121521 0.5700046420097351 87
1769098142821 0.7576134204864502 88
1769098164081 0.48465025424957275 89
1769098185315 0.5390337705612183 90
1769098206635 0.4947899580001831 91
1769098227890 0.48346883058547974 92
1769098249081 0.5074106454849243 93
1769098257937 0.5074106454849243 93
