1769096289421 1.2524402141571045 1
1769096311201 1.1685905456542969 2
1769096332883 1.655956745147705 3
1769096354626 1.0488150119781494 4
1769096376100 1.4224117994308472 5
1769096397690 1.0492206811904907 6
1769096419208 1.2354490756988525 7
1769096440369 1.4183154106140137 8
1769096461549 1.7140450477600098 9
1769096482701 1.1352118253707886 10
1769096504174 1.1215569972991943 11
1769096525653 1.1107538938522339 12
1769096547099 1.158814787864685 13
1769096568571 1.3163868188858032 14
1769096590044 1.0673635005950928 15
1769096611245 1.1506035327911377 16
1769096632518 1.1885080337524414 17
1769096653718 1.2126580476760864 18
1769096675052 1.7849845886230469 19
1769096696391 1.259830117225647 20
1769096717700 1.0708091259002686 21
1769096738873 1.1830828189849854 22
1769096760047 1.5006685256958008 23
1769096781215 1.5281398296356201 24
1769096802394 1.0943031311035156 25
1769096823793 1.0804767608642578 26
1769096844954 1.2766246795654297 27
1769096866240 1.2965515851974487 28
1769096887496 1.3284372091293335 29
1769096908845 1.077872395515442 30
1769096929986 1.0107280015945435 31
1769096951187 1.2138057947158813 32
1769096972693 1.065663456916809 33
1769096993834 1.084522008895874 34
1769097015137 1.539146900177002 35
1769097036530 0.999174177646637 36
1769097057687 1.1115525960922241 37
1769097078860 1.0335540771484375 38
1769097100168 1.2017062902450562 39
1769097121303 1.1431834697723389 40
1769097142522 1.0743331909179688 41
1769097163697 1.2343077659606934 42
1769097185077 1.5098364353179932 43
1769097206447 1.0509883165359497 44
1769097227599 1.1388872861862183 45
1769097248813 1.1612417697906494 46
1769097270012 1.1378191709518433 47
1769097291256 1.2396574020385742 48
1769097312450 1.2443886995315552 49
1769097333641 1.1401416063308716 50
1769097354888 1.3280212879180908 51
1769097376283 1.3250353336334229 52
1769097397469 1.092444896697998 53
1769097418674 1.012669324874878 54
1769097440198 1.3044377565383911 55
1769097461391 1.0381102561950684 56
1769097482568 1.1737000942230225 57
1769097503833 0.9674783945083618 58
1769097525117 1.1449546813964844 59
1769097546253 1.1853224039077759 60
1769097567487 1.0427489280700684 61
1769097589131 1.0295298099517822 62
1769097610667 1.103125810623169 63
1769097631891 1.0998294353485107 64
1769097653105 1.0275704860687256 65
1769097674485 1.1105339527130127 66
1769097695688 1.2906149625778198 67
1769097717025 1.0628695487976074 68
1769097738273 1.2463010549545288 69
1769097759522 0.9049782752990723 70
1769097780856 1.133300542831421 71
1769097802239 0.9988504648208618 72
1769097823573 1.0540359020233154 73
1769097844856 1.1578357219696045 74
1769097866124 1.1365365982055664 75
1769097887508 1.1736433506011963 76
1769097908847 1.1374012231826782 77
1769097930008 1.2011266946792603 78
1769097951249 1.0972561836242676 79
1769097972671 1.2273211479187012 80
1769097993947 1.0143170356750488 81
1769098015319 1.0490608215332031 82
1769098036556 1.02631413936615 83
1769098057890 1.0420255661010742 84
1769098079043 1.346670389175415 85
1769098100279 1.1155747175216675 86
1769098121521 0.9620716571807861 87
1769098142821 0.9946664571762085 88
1769098164081 1.287496566772461 89
1769098185315 1.0175477266311646 90
1769098206635 0.9981181621551514 91
1769098227890 0.9458663463592529 92
1769098249081 1.0400726795196533 93
1769098257937 1.0400726795196533 93
