1769098351168 0.045311 1
1769098361036 0.098134 2
1769098370836 0.201379 3
1769098380463 0.286293 4
1769098390078 0.370129 5
1769098398886 0.349372 6
1769098408399 0.432717 7
1769098417997 0.43006500000000003 8
1769098427083 0.390575 9
1769098435944 0.42819500000000005 10
1769098444943 0.415799 11
1769098454383 0.46774699999999997 12
1769098463676 0.458058 13
1769098473272 0.471078 14
1769098482991 0.47480500000000003 15
1769098492700 0.478118 16
1769098502138 0.52162 17
1769098511397 0.48228699999999997 18
1769098520228 0.424032 19
1769098529166 0.470686 20
1769098538167 0.48353900000000005 21
1769098547130 0.488811 22
1769098556433 0.47627300000000006 23
1769098565365 0.500556 24
1769098574316 0.5096689999999999 25
1769098584212 0.538206 26
1769098593257 0.5219400000000001 27
1769098602378 0.535282 28
1769098611215 0.507942 29
1769098620840 0.541956 30
1769098629764 0.538261 31
1769098638660 0.5313019999999999 32
1769098648450 0.542714 33
1769098657314 0.5422640000000001 34
1769098666283 0.490819 35
1769098675266 0.46789000000000003 36
1769098684147 0.439883 37
1769098693126 0.5216890000000001 38
1769098702198 0.512543 39
1769098711145 0.49074400000000007 40
1769098720004 0.494251 41
1769098729529 0.5526190000000001 42
1769098739087 0.557274 43
1769098748202 0.528443 44
1769098757155 0.542117 45
1769098765967 0.531212 46
1769098774856 0.505348 47
1769098783693 0.506877 48
1769098792826 0.515088 49
1769098801990 0.544361 50
1769098810993 0.5163530000000001 51
1769098819767 0.532216 52
1769098828916 0.512806 53
1769098837898 0.537033 54
1769098846958 0.548477 55
1769098855864 0.551303 56
1769098864873 0.5161250000000001 57
1769098873778 0.5214780000000001 58
1769098883013 0.527091 59
1769098891872 0.54512 60
1769098900837 0.5533980000000001 61
1769098910544 0.562093 62
1769098920129 0.569815 63
1769098928953 0.54741 64
1769098937701 0.551782 65
1769098946715 0.562365 66
1769098955718 0.558437 67
1769098964720 0.562436 68
1769098974014 0.553561 69
1769098983045 0.567864 70
1769098992031 0.5690900000000001 71
1769099001133 0.564907 72
1769099010426 0.547215 73
1769099019335 0.56007 74
1769099028142 0.571324 75
1769099037027 0.563982 76
1769099045692 0.557817 77
1769099054808 0.553281 78
1769099063667 0.568373 79
1769099073098 0.57764 80
1769099082068 0.5533980000000001 81
1769099090979 0.559102 82
1769099100299 0.52541 83
1769099109196 0.548486 84
1769099118027 0.572204 85
1769099126940 0.5564709999999999 86
1769099135942 0.576053 87
1769099145181 0.573423 88
1769099154013 0.525293 89
1769099163071 0.547776 90
1769099172469 0.555686 91
1769099181560 0.567296 92
1769099190750 0.558911 93
1769099199703 0.551812 94
1769099208678 0.541694 95
1769099217844 0.547401 96
1769099226880 0.564444 97
1769099235792 0.552077 98
1769099245048 0.563145 99
1769099254051 0.5589729999999999 100
1769099263179 0.569599 101
1769099272110 0.5656040000000001 102
1769099281031 0.5665990000000001 103
1769099290209 0.5654720000000001 104
1769099299083 0.56823 105
1769099308162 0.573385 106
1769099317266 0.562275 107
1769099326067 0.5633880000000001 108
1769099335618 0.577324 109
1769099345193 0.5847760000000001 110
1769099354313 0.5681020000000001 111
1769099363538 0.5637940000000001 112
1769099372998 0.5500480000000001 113
1769099382167 0.578033 114
1769099391504 0.565285 115
1769099401299 0.584914 116
1769099410500 0.5770520000000001 117
1769099420222 0.5882830000000001 118
1769099429231 0.5711430000000001 119
1769099438122 0.5654380000000001 120
1769099447080 0.5816250000000001 121
1769099456366 0.5706169999999999 122
1769099465796 0.56287 123
1769099474903 0.563145 124
1769099483673 0.574928 125
1769099492627 0.571849 126
1769099501961 0.5759620000000001 127
1769099511565 0.570138 128
1769099520724 0.574485 129
1769099529619 0.570786 130
1769099538519 0.577144 131
1769099547642 0.567752 132
1769099556982 0.578646 133
1769099565863 0.581548 134
1769099574882 0.5768690000000001 135
1769099583618 0.583598 136
1769099592626 0.584585 137
1769099602177 0.596862 138
1769099611127 0.575708 139
1769099620247 0.569875 140
1769099629022 0.5787260000000001 141
1769099638050 0.586101 142
1769099647334 0.581326 143
1769099656489 0.581909 144
1769099665646 0.590009 145
1769099674701 0.584397 146
1769099683982 0.573604 147
1769099692920 0.5882580000000001 148
1769099702193 0.581684 149
1769099711596 0.579259 150
1769099720875 0.584292 151
1769099729844 0.573169 152
1769099739578 0.574627 153
1769099749135 0.588644 154
1769099758068 0.571934 155
1769099767042 0.583951 156
1769099776107 0.582647 157
1769099785154 0.586775 158
1769099794296 0.587102 159
1769099803414 0.57687 160
1769099812272 0.580096 161
1769099821183 0.579283 162
1769099830324 0.582701 163
1769099839388 0.579071 164
1769099848198 0.582436 165
1769099857365 0.5827410000000001 166
1769099866647 0.57942 167
1769099875947 0.5842670000000001 168
1769099882917 0.597261865809731 168
