1769098351168 0.03809 1
1769098361036 0.08599 2
1769098370836 0.17318 3
1769098380463 0.24811 4
1769098390078 0.32513 5
1769098398886 0.30414 6
1769098408399 0.38317 7
1769098417997 0.38545 8
1769098427083 0.34248 9
1769098435944 0.38074 10
1769098444943 0.36648 11
1769098454383 0.42028 12
1769098463676 0.40886 13
1769098473272 0.42188 14
1769098482991 0.42855 15
1769098492700 0.42965 16
1769098502138 0.47678 17
1769098511397 0.4336 18
1769098520228 0.37307 19
1769098529166 0.42072 20
1769098538167 0.43396 21
1769098547130 0.43877 22
1769098556433 0.42801 23
1769098565365 0.45334 24
1769098574316 0.46184 25
1769098584212 0.49402 26
1769098593257 0.47531 27
1769098602378 0.48971 28
1769098611215 0.46074 29
1769098620840 0.49562 30
1769098629764 0.49221 31
1769098638660 0.48406 32
1769098648450 0.49707 33
1769098657314 0.49606 34
1769098666283 0.44035 35
1769098675266 0.41654 36
1769098684147 0.38877 37
1769098693126 0.47413 38
1769098702198 0.46366 39
1769098711145 0.43913 40
1769098720004 0.44499 41
1769098729529 0.50714 42
1769098739087 0.51282 43
1769098748202 0.48274 44
1769098757155 0.4975 45
1769098765967 0.48414 46
1769098774856 0.45617 47
1769098783693 0.45955 48
1769098792826 0.46738 49
1769098801990 0.4992 50
1769098810993 0.46747 51
1769098819767 0.48517 52
1769098828916 0.46381 53
1769098837898 0.49054 54
1769098846958 0.50331 55
1769098855864 0.50635 56
1769098864873 0.46963 57
1769098873778 0.47382 58
1769098883013 0.47887 59
1769098891872 0.49895 60
1769098900837 0.50888 61
1769098910544 0.51896 62
1769098920129 0.52689 63
1769098928953 0.50267 64
1769098937701 0.50579 65
1769098946715 0.51771 66
1769098955718 0.51369 67
1769098964720 0.51763 68
1769098974014 0.50774 69
1769098983045 0.52292 70
1769098992031 0.52515 71
1769099001133 0.52071 72
1769099010426 0.50077 73
1769099019335 0.51472 74
1769099028142 0.52642 75
1769099037027 0.51896 76
1769099045692 0.51254 77
1769099054808 0.50766 78
1769099063667 0.52447 79
1769099073098 0.53361 80
1769099082068 0.50673 81
1769099090979 0.51323 82
1769099100299 0.47701 83
1769099109196 0.50227 84
1769099118027 0.52817 85
1769099126940 0.51203 86
1769099135942 0.53328 87
1769099145181 0.52923 88
1769099154013 0.47699 89
1769099163071 0.50187 90
1769099172469 0.51028 91
1769099181560 0.52407 92
1769099190750 0.51391 93
1769099199703 0.50612 94
1769099208678 0.49521 95
1769099217844 0.50085 96
1769099226880 0.51937 97
1769099235792 0.50699 98
1769099245048 0.51801 99
1769099254051 0.51406 100
1769099263179 0.5256 101
1769099272110 0.52146 102
1769099281031 0.52217 103
1769099290209 0.52073 104
1769099299083 0.52415 105
1769099308162 0.53006 106
1769099317266 0.51806 107
1769099326067 0.51865 108
1769099335618 0.53416 109
1769099345193 0.54178 110
1769099354313 0.5238 111
1769099363538 0.51926 112
1769099372998 0.50368 113
1769099382167 0.53485 114
1769099391504 0.52153 115
1769099401299 0.5423 116
1769099410500 0.53351 117
1769099420222 0.54573 118
1769099429231 0.52656 119
1769099438122 0.52075 120
1769099447080 0.53847 121
1769099456366 0.5263 122
1769099465796 0.51815 123
1769099474903 0.5186 124
1769099483673 0.53093 125
1769099492627 0.52771 126
1769099501961 0.53195 127
1769099511565 0.52569 128
1769099520724 0.53066 129
1769099529619 0.52627 130
1769099538519 0.53315 131
1769099547642 0.5227 132
1769099556982 0.53483 133
1769099565863 0.53789 134
1769099574882 0.53295 135
1769099583618 0.54002 136
1769099592626 0.541 137
1769099602177 0.55476 138
1769099611127 0.53165 139
1769099620247 0.52541 140
1769099629022 0.53496 141
1769099638050 0.5434 142
1769099647334 0.53888 143
1769099656489 0.53907 144
1769099665646 0.5478 145
1769099674701 0.54152 146
1769099683982 0.52932 147
1769099692920 0.54559 148
1769099702193 0.53825 149
1769099711596 0.53553 150
1769099720875 0.54118 151
1769099729844 0.52888 152
1769099739578 0.53033 153
1769099749135 0.54575 154
1769099758068 0.52746 155
1769099767042 0.54084 156
1769099776107 0.53959 157
1769099785154 0.54437 158
1769099794296 0.54458 159
1769099803414 0.53357 160
1769099812272 0.53674 161
1769099821183 0.53593 162
1769099830324 0.53912 163
1769099839388 0.53533 164
1769099848198 0.53884 165
1769099857365 0.53902 166
1769099866647 0.5355 167
1769099875947 0.54095 168
1769099882917 0.5552001651851207 168
