1769098351168 0.1103 1
1769098361036 0.20743 2
1769098370836 0.45517 3
1769098380463 0.62994 4
1769098390078 0.77512 5
1769098398886 0.75646 6
1769098408399 0.87864 7
1769098417997 0.8316 8
1769098427083 0.82343 9
1769098435944 0.85529 10
1769098444943 0.85967 11
1769098454383 0.89495 12
1769098463676 0.90084 13
1769098473272 0.91386 14
1769098482991 0.8911 15
1769098492700 0.91433 16
1769098502138 0.92518 17
1769098511397 0.92047 18
1769098520228 0.88269 19
1769098529166 0.92038 20
1769098538167 0.92975 21
1769098547130 0.93918 22
1769098556433 0.91064 23
1769098565365 0.9255 24
1769098574316 0.94013 25
1769098584212 0.93588 26
1769098593257 0.94161 27
1769098602378 0.94543 28
1769098611215 0.93276 29
1769098620840 0.95898 30
1769098629764 0.95272 31
1769098638660 0.95648 32
1769098648450 0.95351 33
1769098657314 0.9581 34
1769098666283 0.94504 35
1769098675266 0.93004 36
1769098684147 0.8999 37
1769098693126 0.94972 38
1769098702198 0.95249 39
1769098711145 0.95527 40
1769098720004 0.9376 41
1769098729529 0.96193 42
1769098739087 0.95736 43
1769098748202 0.93977 44
1769098757155 0.94367 45
1769098765967 0.95486 46
1769098774856 0.94795 47
1769098783693 0.93282 48
1769098792826 0.94446 49
1769098801990 0.95081 50
1769098810993 0.9563 51
1769098819767 0.95563 52
1769098828916 0.95377 53
1769098837898 0.95547 54
1769098846958 0.95498 55
1769098855864 0.95588 56
1769098864873 0.93458 57
1769098873778 0.9504 58
1769098883013 0.96108 59
1769098891872 0.96065 60
1769098900837 0.95406 61
1769098910544 0.95029 62
1769098920129 0.95614 63
1769098928953 0.95007 64
1769098937701 0.96571 65
1769098946715 0.96426 66
1769098955718 0.96116 67
1769098964720 0.96569 68
1769098974014 0.96595 69
1769098983045 0.97236 70
1769098992031 0.96455 71
1769099001133 0.96268 72
1769099010426 0.96522 73
1769099019335 0.96822 74
1769099028142 0.97546 75
1769099037027 0.96918 76
1769099045692 0.96531 77
1769099054808 0.96387 78
1769099063667 0.9635 79
1769099073098 0.97391 80
1769099082068 0.97341 81
1769099090979 0.97195 82
1769099100299 0.96101 83
1769099109196 0.96443 84
1769099118027 0.96851 85
1769099126940 0.95644 86
1769099135942 0.96101 87
1769099145181 0.97116 88
1769099154013 0.96002 89
1769099163071 0.96093 90
1769099172469 0.96434 91
1769099181560 0.95633 92
1769099190750 0.96392 93
1769099199703 0.96304 94
1769099208678 0.96005 95
1769099217844 0.96636 96
1769099226880 0.97011 97
1769099235792 0.95786 98
1769099245048 0.96936 99
1769099254051 0.96319 100
1769099263179 0.96559 101
1769099272110 0.9629 102
1769099281031 0.96646 103
1769099290209 0.96815 104
1769099299083 0.96495 105
1769099308162 0.96331 106
1769099317266 0.96021 107
1769099326067 0.96603 108
1769099335618 0.9658 109
1769099345193 0.97174 110
1769099354313 0.96682 111
1769099363538 0.9646 112
1769099372998 0.96736 113
1769099382167 0.96668 114
1769099391504 0.95908 115
1769099401299 0.96844 116
1769099410500 0.96893 117
1769099420222 0.97126 118
1769099429231 0.97239 119
1769099438122 0.96763 120
1769099447080 0.97002 121
1769099456366 0.96947 122
1769099465796 0.96535 123
1769099474903 0.96405 124
1769099483673 0.97091 125
1769099492627 0.9691 126
1769099501961 0.97207 127
1769099511565 0.97017 128
1769099520724 0.96891 129
1769099529619 0.97143 130
1769099538519 0.97309 131
1769099547642 0.97322 132
1769099556982 0.97299 133
1769099565863 0.97447 134
1769099574882 0.97214 135
1769099583618 0.9758 136
1769099592626 0.97685 137
1769099602177 0.97578 138
1769099611127 0.97223 139
1769099620247 0.97006 140
1769099629022 0.97262 141
1769099638050 0.97041 142
1769099647334 0.96334 143
1769099656489 0.96746 144
1769099665646 0.96989 145
1769099674701 0.97029 146
1769099683982 0.97216 147
1769099692920 0.97227 148
1769099702193 0.97259 149
1769099711596 0.97282 150
1769099720875 0.9723 151
1769099729844 0.97177 152
1769099739578 0.9733 153
1769099749135 0.97469 154
1769099758068 0.9722 155
1769099767042 0.97195 156
1769099776107 0.97016 157
1769099785154 0.96842 158
1769099794296 0.9698 159
1769099803414 0.96657 160
1769099812272 0.9703 161
1769099821183 0.96946 162
1769099830324 0.97493 163
1769099839388 0.97274 164
1769099848198 0.9748 165
1769099857365 0.97623 166
1769099866647 0.9747 167
1769099875947 0.97412 168
1769099882917 0.9758171714312228 168
