1769076624370 0.022119 1
1769076636124 0.21437700000000004 2
1769076646398 0.316812 3
1769076657111 0.261169 4
1769076668187 0.42458500000000005 5
1769076678424 0.42529900000000004 6
1769076689598 0.481223 7
1769076700101 0.5066890000000001 8
1769076711223 0.516834 9
1769076721837 0.55657 10
1769076732387 0.548913 11
1769076743176 0.5494559999999999 12
1769076754196 0.538386 13
1769076764570 0.535561 14
1769076775597 0.5527610000000001 15
1769076786793 0.5569660000000001 16
1769076798166 0.577856 17
1769076808346 0.550713 18
1769076819041 0.5240279999999999 19
1769076829858 0.534348 20
1769076840443 0.5617000000000001 21
1769076851109 0.575948 22
1769076861978 0.5466880000000001 23
1769076872725 0.551922 24
1769076883211 0.557969 25
1769076894639 0.582676 26
1769076905109 0.562939 27
1769076916754 0.58808 28
1769076926795 0.5664640000000001 29
1769076937351 0.584887 30
1769076948022 0.551748 31
1769076958722 0.559504 32
1769076969103 0.583654 33
1769076980107 0.590203 34
1769076990949 0.593764 35
1769077001649 0.5792470000000001 36
1769077012025 0.568249 37
1769077022914 0.5573279999999999 38
1769077033357 0.571866 39
1769077044122 0.583295 40
1769077054868 0.5916319999999999 41
1769077065297 0.587895 42
1769077076107 0.588614 43
1769077086850 0.584927 44
1769077097667 0.5835170000000001 45
1769077108107 0.56457 46
1769077118819 0.568331 47
1769077129626 0.590643 48
1769077140674 0.588873 49
1769077151623 0.591952 50
1769077162140 0.57613 51
1769077172838 0.5922040000000001 52
1769077183446 0.576158 53
1769077194153 0.5919000000000001 54
1769077204792 0.590342 55
1769077215474 0.575319 56
1769077226202 0.544861 57
1769077237084 0.559404 58
1769077248270 0.554569 59
1769077258800 0.563772 60
1769077269568 0.5830470000000001 61
1769077280613 0.593463 62
1769077290843 0.5814900000000001 63
1769077301532 0.584173 64
1769077311969 0.588436 65
1769077318886 0.594706156703137 65
