1769076624370 0.05145 1
1769076636124 0.4317 2
1769076646398 0.60888 3
1769076657111 0.52342 4
1769076668187 0.80695 5
1769076678424 0.8158 6
1769076689598 0.90515 7
1769076700101 0.91096 8
1769076711223 0.93663 9
1769076721837 0.94501 10
1769076732387 0.94458 11
1769076743176 0.95019 12
1769076754196 0.94452 13
1769076764570 0.95119 14
1769076775597 0.94094 15
1769076786793 0.95311 16
1769076798166 0.95942 17
1769076808346 0.95484 18
1769076819041 0.95997 19
1769076829858 0.9495 20
1769076840443 0.96715 21
1769076851109 0.96329 22
1769076861978 0.94681 23
1769076872725 0.95199 24
1769076883211 0.96431 25
1769076894639 0.97036 26
1769076905109 0.9583 27
1769076916754 0.96851 28
1769076926795 0.9598 29
1769076937351 0.96889 30
1769076948022 0.9651 31
1769076958722 0.96202 32
1769076969103 0.96583 33
1769076980107 0.9712 34
1769076990949 0.97342 35
1769077001649 0.97144 36
1769077012025 0.96253 37
1769077022914 0.96411 38
1769077033357 0.96702 39
1769077044122 0.968 40
1769077054868 0.97343 41
1769077065297 0.96963 42
1769077076107 0.96764 43
1769077086850 0.96632 44
1769077097667 0.96923 45
1769077108107 0.97083 46
1769077118819 0.97145 47
1769077129626 0.97164 48
1769077140674 0.96771 49
1769077151623 0.97276 50
1769077162140 0.96718 51
1769077172838 0.97249 52
1769077183446 0.96818 53
1769077194153 0.97395 54
1769077204792 0.96647 55
1769077215474 0.97725 56
1769077226202 0.96733 57
1769077237084 0.97218 58
1769077248270 0.97666 59
1769077258800 0.97203 60
1769077269568 0.97245 61
1769077280613 0.97311 62
1769077290843 0.97443 63
1769077301532 0.97588 64
1769077311969 0.97918 65
1769077318886 0.9735942611988125 65
