1769076624370 0.01886 1
1769076636124 0.19023 2
1769076646398 0.28436 3
1769076657111 0.23203 4
1769076668187 0.3821 5
1769076678424 0.38191 6
1769076689598 0.43412 7
1769076700101 0.46177 8
1769076711223 0.47019 9
1769076721837 0.51341 10
1769076732387 0.50495 11
1769076743176 0.50493 12
1769076754196 0.49326 13
1769076764570 0.48938 14
1769076775597 0.50963 15
1769076786793 0.51295 16
1769076798166 0.53546 17
1769076808346 0.50581 18
1769076819041 0.47559 19
1769076829858 0.48822 20
1769076840443 0.51665 21
1769076851109 0.53291 22
1769076861978 0.50223 23
1769076872725 0.50747 24
1769076883211 0.51282 25
1769076894639 0.5396 26
1769076905109 0.51901 27
1769076916754 0.54581 28
1769076926795 0.52276 29
1769076937351 0.54222 30
1769076948022 0.50582 31
1769076958722 0.51478 32
1769076969103 0.54119 33
1769076980107 0.54787 34
1769076990949 0.55158 35
1769077001649 0.53567 36
1769077012025 0.52444 37
1769077022914 0.51213 38
1769077033357 0.52796 39
1769077044122 0.54055 40
1769077054868 0.54921 41
1769077065297 0.54548 42
1769077076107 0.5465 43
1769077086850 0.54255 44
1769077097667 0.54066 45
1769077108107 0.51943 46
1769077118819 0.52354 47
1769077129626 0.54831 48
1769077140674 0.54678 49
1769077151623 0.54964 50
1769077162140 0.53268 51
1769077172838 0.54995 52
1769077183446 0.5326 53
1769077194153 0.54945 54
1769077204792 0.54855 55
1769077215474 0.53066 56
1769077226202 0.49792 57
1769077237084 0.51354 58
1769077248270 0.50767 59
1769077258800 0.51841 60
1769077269568 0.53978 61
1769077280613 0.55128 62
1769077290843 0.53783 63
1769077301532 0.54065 64
1769077311969 0.54502 65
1769077318886 0.5526074784258397 65
