1769080479199 0.019784 1
1769080489105 0.132726 2
1769080498562 0.29024300000000003 3
1769080508211 0.296209 4
1769080518219 0.36326100000000006 5
1769080527471 0.390187 6
1769080536899 0.404695 7
1769080546070 0.45949700000000004 8
1769080554899 0.45228 9
1769080564416 0.467912 10
1769080573244 0.44149400000000005 11
1769080582554 0.442238 12
1769080592102 0.47516400000000003 13
1769080601325 0.503681 14
1769080610294 0.49729100000000004 15
1769080619148 0.49335300000000004 16
1769080627994 0.47558 17
1769080637460 0.523887 18
1769080647028 0.538883 19
1769080655724 0.51614 20
1769080664461 0.515486 21
1769080673256 0.50834 22
1769080682265 0.47115500000000005 23
1769080691078 0.518112 24
1769080699845 0.532717 25
1769080709689 0.547787 26
1769080718581 0.521664 27
1769080727271 0.49076600000000004 28
1769080735969 0.502604 29
1769080744736 0.531987 30
1769080753574 0.495305 31
1769080762253 0.518895 32
1769080771897 0.556764 33
1769080780504 0.536619 34
1769080789293 0.504329 35
1769080798115 0.528684 36
1769080806734 0.41074900000000003 37
1769080815473 0.496522 38
1769080824152 0.491852 39
1769080833243 0.494865 40
1769080841745 0.527989 41
1769080850365 0.5440470000000001 42
1769080859153 0.5522670000000001 43
1769080867743 0.552795 44
1769080877222 0.560041 45
1769080886032 0.545019 46
1769080894853 0.5181640000000001 47
1769080903610 0.535399 48
1769080912475 0.5515580000000001 49
1769080922040 0.5654450000000001 50
1769080930849 0.499951 51
1769080939542 0.528843 52
1769080948254 0.5327080000000001 53
1769080957353 0.525077 54
1769080966172 0.507544 55
1769080974996 0.5490740000000001 56
1769080983853 0.549955 57
1769080992725 0.543929 58
1769081001696 0.5334540000000001 59
1769081010529 0.54664 60
1769081019558 0.543371 61
1769081028461 0.5417 62
1769081037099 0.509932 63
1769081045916 0.496361 64
1769081054521 0.536208 65
1769081063455 0.5136160000000001 66
1769081072377 0.525142 67
1769081081008 0.5429039999999999 68
1769081089967 0.543362 69
1769081098652 0.558333 70
1769081108231 0.57214 71
1769081117042 0.5531370000000001 72
1769081125901 0.552176 73
1769081134654 0.548814 74
1769081143353 0.556262 75
1769081152310 0.560777 76
1769081160764 0.555851 77
1769081169466 0.5541529999999999 78
1769081178054 0.5374680000000001 79
1769081186784 0.548083 80
1769081195678 0.5411459999999999 81
1769081204465 0.521864 82
1769081213593 0.541814 83
1769081222277 0.515957 84
1769081230904 0.541531 85
1769081239461 0.5496740000000001 86
1769081247984 0.5628920000000001 87
1769081256670 0.5514330000000001 88
1769081265439 0.544044 89
1769081274315 0.517883 90
1769081283246 0.5424690000000001 91
1769081292137 0.5556909999999999 92
1769081300634 0.5642010000000001 93
1769081309634 0.560053 94
1769081318398 0.5212680000000001 95
1769081327139 0.535402 96
1769081335829 0.564091 97
1769081344605 0.549932 98
1769081353320 0.52645 99
1769081362001 0.531447 100
1769081370862 0.5453520000000001 101
1769081377880 0.5729713007692491 101
