1769080479199 0.06203 1
1769080489105 0.28263 2
1769080498562 0.58808 3
1769080508211 0.63721 4
1769080518219 0.74109 5
1769080527471 0.79867 6
1769080536899 0.83656 7
1769080546070 0.88139 8
1769080554899 0.8904 9
1769080564416 0.88967 10
1769080573244 0.88046 11
1769080582554 0.88196 12
1769080592102 0.89388 13
1769080601325 0.93029 14
1769080610294 0.91535 15
1769080619148 0.91341 16
1769080627994 0.90497 17
1769080637460 0.92544 18
1769080647028 0.93158 19
1769080655724 0.93383 20
1769080664461 0.93674 21
1769080673256 0.93449 22
1769080682265 0.92822 23
1769080691078 0.94383 24
1769080699845 0.93418 25
1769080709689 0.9569 26
1769080718581 0.94812 27
1769080727271 0.94001 28
1769080735969 0.93482 29
1769080744736 0.95019 30
1769080753574 0.94985 31
1769080762253 0.9477 32
1769080771897 0.95334 33
1769080780504 0.9453 34
1769080789293 0.94118 35
1769080798115 0.94767 36
1769080806734 0.85777 37
1769080815473 0.94204 38
1769080824152 0.94043 39
1769080833243 0.94284 40
1769080841745 0.95224 41
1769080850365 0.96153 42
1769080859153 0.95976 43
1769080867743 0.94848 44
1769080877222 0.95029 45
1769080886032 0.95694 46
1769080894853 0.94561 47
1769080903610 0.95335 48
1769080912475 0.96122 49
1769080922040 0.96113 50
1769080930849 0.94321 51
1769080939542 0.94503 52
1769080948254 0.9484 53
1769080957353 0.93563 54
1769080966172 0.94354 55
1769080974996 0.95852 56
1769080983853 0.95248 57
1769080992725 0.94721 58
1769081001696 0.95136 59
1769081010529 0.95002 60
1769081019558 0.96224 61
1769081028461 0.95102 62
1769081037099 0.94699 63
1769081045916 0.94115 64
1769081054521 0.96135 65
1769081063455 0.95584 66
1769081072377 0.96238 67
1769081081008 0.97467 68
1769081089967 0.96323 69
1769081098652 0.95868 70
1769081108231 0.96427 71
1769081117042 0.96558 72
1769081125901 0.9611 73
1769081134654 0.95817 74
1769081143353 0.96704 75
1769081152310 0.96044 76
1769081160764 0.95699 77
1769081169466 0.96503 78
1769081178054 0.95865 79
1769081186784 0.9685 80
1769081195678 0.96663 81
1769081204465 0.9611 82
1769081213593 0.96341 83
1769081222277 0.95387 84
1769081230904 0.95752 85
1769081239461 0.95381 86
1769081247984 0.96629 87
1769081256670 0.96762 88
1769081265439 0.9732 89
1769081274315 0.96665 90
1769081283246 0.97041 91
1769081292137 0.96547 92
1769081300634 0.96444 93
1769081309634 0.96058 94
1769081318398 0.94929 95
1769081327139 0.96274 96
1769081335829 0.96577 97
1769081344605 0.96809 98
1769081353320 0.96205 99
1769081362001 0.96963 100
1769081370862 0.96657 101
1769081377880 0.9641911675547946 101
