1769080479199 0.01509 1
1769080489105 0.11607 2
1769080498562 0.25715 3
1769080508211 0.25832 4
1769080518219 0.32128 5
1769080527471 0.3448 6
1769080536899 0.35671 7
1769080546070 0.41262 8
1769080554899 0.4036 9
1769080564416 0.42105 10
1769080573244 0.39272 11
1769080582554 0.39338 12
1769080592102 0.42864 13
1769080601325 0.45628 14
1769080610294 0.45084 15
1769080619148 0.44668 16
1769080627994 0.42787 17
1769080637460 0.47927 18
1769080647028 0.49525 19
1769080655724 0.46973 20
1769080664461 0.46868 21
1769080673256 0.46099 22
1769080682265 0.42037 23
1769080691078 0.47081 24
1769080699845 0.48811 25
1769080709689 0.50233 26
1769080718581 0.47428 27
1769080727271 0.44085 28
1769080735969 0.45458 29
1769080744736 0.48552 30
1769080753574 0.4448 31
1769080762253 0.47125 32
1769080771897 0.5127 33
1769080780504 0.49121 34
1769080789293 0.45579 35
1769080798115 0.48213 36
1769080806734 0.36108 37
1769080815473 0.44702 38
1769080824152 0.44201 39
1769080833243 0.44509 40
1769080841745 0.48085 41
1769080850365 0.49766 42
1769080859153 0.50699 43
1769080867743 0.50883 44
1769080877222 0.51668 45
1769080886032 0.49925 46
1769080894853 0.47067 47
1769080903610 0.48896 48
1769080912475 0.50604 49
1769080922040 0.52148 50
1769080930849 0.4507 51
1769080939542 0.4826 52
1769080948254 0.48652 53
1769080957353 0.47946 54
1769080966172 0.4591 55
1769080974996 0.50358 56
1769080983853 0.50523 57
1769080992725 0.49912 58
1769081001696 0.48702 59
1769081010529 0.50182 60
1769081019558 0.49683 61
1769081028461 0.49622 62
1769081037099 0.46137 63
1769081045916 0.44694 64
1769081054521 0.48897 65
1769081063455 0.46448 66
1769081072377 0.47656 67
1769081081008 0.49493 68
1769081089967 0.49671 69
1769081098652 0.51385 70
1769081108231 0.52857 71
1769081117042 0.50731 72
1769081125901 0.50674 73
1769081134654 0.50333 74
1769081143353 0.51062 75
1769081152310 0.51637 76
1769081160764 0.51128 77
1769081169466 0.5085 78
1769081178054 0.49067 79
1769081186784 0.50137 80
1769081195678 0.49387 81
1769081204465 0.47306 82
1769081213593 0.49497 83
1769081222277 0.4673 84
1769081230904 0.49531 85
1769081239461 0.50477 86
1769081247984 0.51807 87
1769081256670 0.50519 88
1769081265439 0.49636 89
1769081274315 0.46802 90
1769081283246 0.49492 91
1769081292137 0.51016 92
1769081300634 0.51973 93
1769081309634 0.51555 94
1769081318398 0.47371 95
1769081327139 0.48792 96
1769081335829 0.51946 97
1769081344605 0.50347 98
1769081353320 0.47805 99
1769081362001 0.48276 100
1769081370862 0.49855 101
1769081377880 0.5295024266819662 101
