1769089425902 2.1823012828826904 1
1769089439445 2.256627321243286 2
1769089452825 1.9752469062805176 3
1769089467266 2.338153839111328 4
1769089480791 1.8973867893218994 5
1769089494402 1.8499705791473389 6
1769089507908 1.7296758890151978 7
1769089521460 1.990870714187622 8
1769089535783 2.5311238765716553 9
1769089549241 1.6668263673782349 10
1769089563264 1.7356791496276855 11
1769089577153 1.2363545894622803 12
1769089590846 1.8344221115112305 13
1769089605194 1.4921914339065552 14
1769089618832 1.8403851985931396 15
1769089632662 1.6217107772827148 16
1769089646644 1.4840710163116455 17
1769089660941 1.7418794631958008 18
1769089674169 1.7425625324249268 19
1769089687706 1.9127075672149658 20
1769089700687 1.4859448671340942 21
1769089714772 1.6843217611312866 22
1769089727750 1.594114899635315 23
1769089741688 1.8091696500778198 24
1769089757004 1.5135376453399658 25
1769089770770 1.7619118690490723 26
1769089784347 1.5102791786193848 27
1769089798141 1.569358229637146 28
1769089811979 1.5819319486618042 29
1769089824795 1.2809414863586426 30
1769089838892 1.3118685483932495 31
1769089853016 1.4297242164611816 32
1769089866116 1.646891713142395 33
1769089879960 1.5830076932907104 34
1769089893369 1.940063714981079 35
1769089907241 1.4780642986297607 36
1769089920977 1.6653187274932861 37
1769089934609 1.4426391124725342 38
1769089947887 1.3493287563323975 39
1769089962156 1.3653041124343872 40
1769089975287 1.6047779321670532 41
1769089989156 1.6446638107299805 42
1769090002581 1.5588678121566772 43
1769090016101 1.5902085304260254 44
1769090030503 1.6628497838974 45
1769090043569 1.5110453367233276 46
1769090057720 1.257380723953247 47
1769090071364 1.373494029045105 48
1769090084556 1.2725380659103394 49
1769090098941 1.6683393716812134 50
1769090112368 1.4922288656234741 51
1769090126361 1.7884409427642822 52
1769090139944 1.6604300737380981 53
1769090153877 1.4307690858840942 54
1769090167841 1.39176607131958 55
1769090181344 1.467533826828003 56
1769090195467 1.4720231294631958 57
1769090208993 1.3793846368789673 58
1769090223668 1.3094853162765503 59
1769090236941 1.4402352571487427 60
1769090250283 1.4813156127929688 61
1769090263759 1.0821107625961304 62
1769090277496 1.2821255922317505 63
1769090291618 1.5688010454177856 64
1769090305088 1.2721683979034424 65
1769090319439 1.19855797290802 66
1769090332568 1.2682678699493408 67
1769090346170 1.4187781810760498 68
1769090360092 1.4607937335968018 69
1769090373189 1.0575816631317139 70
1769090387155 1.3517725467681885 71
1769090400778 1.327232003211975 72
1769090415797 1.304378628730774 73
1769090428978 1.371949315071106 74
1769090442475 1.4037009477615356 75
1769090455893 1.4405267238616943 76
1769090469980 1.6547051668167114 77
1769090483701 1.189474105834961 78
1769090498651 1.4005311727523804 79
1769090512159 1.47444748878479 80
1769090525878 1.3019496202468872 81
1769090539267 1.2906924486160278 82
1769090552790 1.4097890853881836 83
1769090566383 1.3824561834335327 84
1769090579981 1.5474052429199219 85
1769090594602 1.2459555864334106 86
1769090607747 1.4019381999969482 87
1769090621972 1.8557863235473633 88
1769090635958 1.3222979307174683 89
1769090649786 1.5177180767059326 90
1769090663541 1.0659706592559814 91
1769090676980 1.2776188850402832 92
1769090691001 1.3284990787506104 93
1769090704644 1.330548882484436 94
1769090718277 1.2972341775894165 95
1769090731556 1.123974084854126 96
1769090745445 1.0742082595825195 97
1769090759510 1.010697603225708 98
1769090773114 1.1195729970932007 99
1769090787177 1.1443783044815063 100
1769090800054 1.6155788898468018 101
1769090814250 1.2046818733215332 102
1769090828041 1.1702160835266113 103
1769090841247 1.399000883102417 104
1769090855141 1.4553797245025635 105
1769090868672 1.3593857288360596 106
1769090883562 1.0738909244537354 107
1769090896576 1.18536376953125 108
1769090910463 1.2201759815216064 109
1769090923552 1.3507827520370483 110
1769090932120 1.3507827520370483 110
