1769089425902 6.940812587738037 1
1769089439445 3.398249626159668 2
1769089452825 2.699280261993408 3
1769089467266 2.677565097808838 4
1769089480791 3.243690013885498 5
1769089494402 1.9148765802383423 6
1769089507908 1.3350038528442383 7
1769089521460 1.9821758270263672 8
1769089535783 3.225027561187744 9
1769089549241 1.4895849227905273 10
1769089563264 1.3521034717559814 11
1769089577153 0.9942582845687866 12
1769089590846 1.3844977617263794 13
1769089605194 1.0991225242614746 14
1769089618832 1.4186965227127075 15
1769089632662 1.1041666269302368 16
1769089646644 1.1053181886672974 17
1769089660941 1.2746589183807373 18
1769089674169 1.308240294456482 19
1769089687706 1.0149611234664917 20
1769089700687 1.0230151414871216 21
1769089714772 1.1115198135375977 22
1769089727750 1.0791261196136475 23
1769089741688 1.0020174980163574 24
1769089757004 0.9663773775100708 25
1769089770770 1.1567193269729614 26
1769089784347 0.940722644329071 27
1769089798141 1.1354292631149292 28
1769089811979 0.9667604565620422 29
1769089824795 0.8010241389274597 30
1769089838892 1.1030176877975464 31
1769089853016 0.8857827186584473 32
1769089866116 1.1111916303634644 33
1769089879960 1.0006121397018433 34
1769089893369 0.9694545269012451 35
1769089907241 1.0414073467254639 36
1769089920977 1.0670981407165527 37
1769089934609 0.8897266387939453 38
1769089947887 0.7424765825271606 39
1769089962156 0.7579053640365601 40
1769089975287 0.9333612322807312 41
1769089989156 0.9250116944313049 42
1769090002581 0.7759242057800293 43
1769090016101 0.9601935148239136 44
1769090030503 0.9059777855873108 45
1769090043569 0.8366200923919678 46
1769090057720 0.7294391393661499 47
1769090071364 0.7837567925453186 48
1769090084556 0.6927799582481384 49
1769090098941 0.7885020971298218 50
1769090112368 0.8529871702194214 51
1769090126361 1.1568390130996704 52
1769090139944 0.7608350515365601 53
1769090153877 0.8059688210487366 54
1769090167841 0.7847000360488892 55
1769090181344 0.9305805563926697 56
1769090195467 0.8807726502418518 57
1769090208993 0.6673327088356018 58
1769090223668 0.7469207644462585 59
1769090236941 0.7515910267829895 60
1769090250283 0.675343930721283 61
1769090263759 0.5959476828575134 62
1769090277496 0.6940485835075378 63
1769090291618 0.7041584253311157 64
1769090305088 0.683908998966217 65
1769090319439 0.5750478506088257 66
1769090332568 0.6849169731140137 67
1769090346170 0.726419985294342 68
1769090360092 0.7211716175079346 69
1769090373189 0.703092634677887 70
1769090387155 0.6260095834732056 71
1769090400778 0.6584097146987915 72
1769090415797 0.7279512882232666 73
1769090428978 0.6237235069274902 74
1769090442475 0.6693452596664429 75
1769090455893 0.8262973427772522 76
1769090469980 0.7832053303718567 77
1769090483701 0.6921903491020203 78
1769090498651 0.7053048014640808 79
1769090512159 0.6889466047286987 80
1769090525878 0.5597372055053711 81
1769090539267 0.7028821706771851 82
1769090552790 0.6865237355232239 83
1769090566383 0.7194026708602905 84
1769090579981 0.6555890440940857 85
1769090594602 0.5962802171707153 86
1769090607747 0.7574642300605774 87
1769090621972 0.9540374875068665 88
1769090635958 0.6183280348777771 89
1769090649786 0.7636557221412659 90
1769090663541 0.655188798904419 91
1769090676980 0.5802677869796753 92
1769090691001 0.6777538657188416 93
1769090704644 0.6896581649780273 94
1769090718277 0.6662917137145996 95
1769090731556 0.5620542764663696 96
1769090745445 0.6208093762397766 97
1769090759510 0.5503365993499756 98
1769090773114 0.6045441031455994 99
1769090787177 0.5919556021690369 100
1769090800054 0.8082214593887329 101
1769090814250 0.5640524625778198 102
1769090828041 0.6486920118331909 103
1769090841247 0.6465468406677246 104
1769090855141 0.6895741820335388 105
1769090868672 0.625063955783844 106
1769090883562 0.6041194796562195 107
1769090896576 0.5364712476730347 108
1769090910463 0.574641764163971 109
1769090923552 0.6209043860435486 110
1769090932120 0.6209043860435486 110
