1769089425902 1.0442347526550293 1
1769089439445 1.2594141960144043 2
1769089452825 1.5075938701629639 3
1769089467266 1.1226485967636108 4
1769089480791 1.4168484210968018 5
1769089494402 1.0093320608139038 6
1769089507908 1.1379013061523438 7
1769089521460 1.399666428565979 8
1769089535783 2.0010368824005127 9
1769089549241 1.0755170583724976 10
1769089563264 1.0673584938049316 11
1769089577153 1.0018786191940308 12
1769089590846 1.1570727825164795 13
1769089605194 1.2526060342788696 14
1769089618832 1.119889259338379 15
1769089632662 1.0715938806533813 16
1769089646644 1.1264783143997192 17
1769089660941 1.198551058769226 18
1769089674169 1.4454562664031982 19
1769089687706 1.213444471359253 20
1769089700687 1.013991117477417 21
1769089714772 1.1831061840057373 22
1769089727750 1.3515584468841553 23
1769089741688 1.4254566431045532 24
1769089757004 1.0460864305496216 25
1769089770770 0.9670659303665161 26
1769089784347 1.1726644039154053 27
1769089798141 1.1049554347991943 28
1769089811979 1.1527774333953857 29
1769089824795 1.0374611616134644 30
1769089838892 0.9946471452713013 31
1769089853016 1.0696731805801392 32
1769089866116 1.019344449043274 33
1769089879960 1.0340405702590942 34
1769089893369 1.4137654304504395 35
1769089907241 0.9853595495223999 36
1769089920977 1.0958964824676514 37
1769089934609 0.9713691473007202 38
1769089947887 1.0982415676116943 39
1769089962156 1.048750400543213 40
1769089975287 0.9953409433364868 41
1769089989156 1.182484745979309 42
1769090002581 1.2402896881103516 43
1769090016101 0.9769972562789917 44
1769090030503 1.0581904649734497 45
1769090043569 1.1080297231674194 46
1769090057720 1.0804369449615479 47
1769090071364 1.135512351989746 48
1769090084556 1.1094958782196045 49
1769090098941 1.1606969833374023 50
1769090112368 1.0978182554244995 51
1769090126361 1.314543604850769 52
1769090139944 1.1021857261657715 53
1769090153877 0.9630836248397827 54
1769090167841 1.1194432973861694 55
1769090181344 1.0132430791854858 56
1769090195467 0.9738666415214539 57
1769090208993 0.9637901186943054 58
1769090223668 1.0284473896026611 59
1769090236941 1.1411426067352295 60
1769090250283 0.9625380039215088 61
1769090263759 0.9963780641555786 62
1769090277496 1.0406912565231323 63
1769090291618 1.110098123550415 64
1769090305088 0.9935457706451416 65
1769090319439 1.023574948310852 66
1769090332568 1.1946804523468018 67
1769090346170 1.0565189123153687 68
1769090360092 1.0729007720947266 69
1769090373189 0.9069758653640747 70
1769090387155 1.1107838153839111 71
1769090400778 0.9418683052062988 72
1769090415797 1.0171830654144287 73
1769090428978 1.0484799146652222 74
1769090442475 1.1498136520385742 75
1769090455893 1.1561330556869507 76
1769090469980 1.1137303113937378 77
1769090483701 1.0220109224319458 78
1769090498651 1.0374228954315186 79
1769090512159 1.1728947162628174 80
1769090525878 0.9175190925598145 81
1769090539267 0.9631575345993042 82
1769090552790 0.9823570251464844 83
1769090566383 0.9844298362731934 84
1769090579981 1.231855869293213 85
1769090594602 1.0692189931869507 86
1769090607747 0.9698766469955444 87
1769090621972 0.9520877599716187 88
1769090635958 1.2087481021881104 89
1769090649786 0.9647213816642761 90
1769090663541 0.9611303806304932 91
1769090676980 0.9623157978057861 92
1769090691001 0.9691157341003418 93
1769090704644 1.0771828889846802 94
1769090718277 1.0536004304885864 95
1769090731556 0.9084115028381348 96
1769090745445 0.9920070171356201 97
1769090759510 0.953784704208374 98
1769090773114 1.025101661682129 99
1769090787177 0.9923809766769409 100
1769090800054 1.3417681455612183 101
1769090814250 1.114395022392273 102
1769090828041 0.9100515842437744 103
1769090841247 1.2386516332626343 104
1769090855141 0.9964336156845093 105
1769090868672 1.0074275732040405 106
1769090883562 0.9550411105155945 107
1769090896576 1.105155348777771 108
1769090910463 0.9677755236625671 109
1769090923552 0.9166202545166016 110
1769090932120 0.9166202545166016 110
