1769092591288 3.355607509613037 1
1769092600177 2.685276985168457 2
1769092608297 2.1604855060577393 3
1769092616799 3.0492422580718994 4
1769092625741 2.2381155490875244 5
1769092633826 2.489739418029785 6
1769092641737 1.9238005876541138 7
1769092650203 2.1115782260894775 8
1769092658669 3.059288501739502 9
1769092666885 2.0323400497436523 10
1769092675327 2.159623384475708 11
1769092683505 1.7936997413635254 12
1769092692236 2.1827874183654785 13
1769092700248 1.7741751670837402 14
1769092708693 2.622987747192383 15
1769092717270 1.786240816116333 16
1769092725548 1.5870546102523804 17
1769092734304 1.6793791055679321 18
1769092742348 2.0711638927459717 19
1769092750530 2.3786137104034424 20
1769092758978 1.7139486074447632 21
1769092767248 1.8531184196472168 22
1769092775767 1.7207486629486084 23
1769092784297 2.1110141277313232 24
1769092792545 1.8225938081741333 25
1769092801112 2.452549457550049 26
1769092809318 1.565762996673584 27
1769092817575 1.6895831823349 28
1769092825719 1.8954578638076782 29
1769092834086 1.394113540649414 30
1769092842400 1.6521947383880615 31
1769092850327 1.8075916767120361 32
1769092858479 1.9752779006958008 33
1769092866698 1.8892595767974854 34
1769092874942 1.8595120906829834 35
1769092883296 1.9476903676986694 36
1769092891726 1.7601397037506104 37
1769092900322 1.714983582496643 38
1769092908583 1.5087450742721558 39
1769092917290 1.7200313806533813 40
1769092925533 2.230243682861328 41
1769092933824 1.5400259494781494 42
1769092942133 1.8004381656646729 43
1769092950264 2.4402780532836914 44
1769092958872 1.5997257232666016 45
1769092966949 1.6460587978363037 46
1769092975123 1.3025422096252441 47
1769092983460 1.2993509769439697 48
1769092991989 1.4622985124588013 49
1769093000574 1.9188556671142578 50
1769093008894 1.6407901048660278 51
1769093017146 2.1565771102905273 52
1769093025453 1.675682783126831 53
1769093033709 1.8353042602539062 54
1769093042080 1.6775776147842407 55
1769093050542 1.7812488079071045 56
1769093058705 1.7834680080413818 57
1769093067559 1.7475292682647705 58
1769093076023 1.4362788200378418 59
1769093084409 1.8090473413467407 60
1769093092894 1.8788843154907227 61
1769093101323 1.3396260738372803 62
1769093109329 1.4132232666015625 63
1769093117592 1.5793312788009644 64
1769093125915 1.5281270742416382 65
1769093134272 1.5788094997406006 66
1769093142612 1.4151396751403809 67
1769093151591 1.5627926588058472 68
1769093160179 1.57607901096344 69
1769093168393 1.3826868534088135 70
1769093176954 1.214234471321106 71
1769093185433 1.650394320487976 72
1769093193927 1.8223570585250854 73
1769093202450 1.6664187908172607 74
1769093210962 1.4677798748016357 75
1769093219460 1.502025842666626 76
1769093227697 1.59541654586792 77
1769093236229 1.6063807010650635 78
1769093244507 1.2442189455032349 79
1769093252941 1.6613584756851196 80
1769093261384 1.6968990564346313 81
1769093270043 1.6454063653945923 82
1769093278445 1.4430230855941772 83
1769093286929 1.641334891319275 84
1769093295612 1.5645480155944824 85
1769093303753 1.2953613996505737 86
1769093312135 1.7695348262786865 87
1769093320528 2.4355549812316895 88
1769093329071 1.4481960535049438 89
1769093337585 1.7192230224609375 90
1769093345883 1.2608089447021484 91
1769093354539 1.4216115474700928 92
1769093362647 1.5559357404708862 93
1769093371212 1.6965492963790894 94
1769093379396 1.4297757148742676 95
1769093387830 1.1431435346603394 96
1769093396254 1.1475507020950317 97
1769093404412 1.1542062759399414 98
1769093412851 1.477552890777588 99
1769093418987 1.477552890777588 99
