1769092591288 8.808206558227539 1
1769092600177 3.3259732723236084 2
1769092608297 2.171740770339966 3
1769092616799 2.521573066711426 4
1769092625741 2.418942451477051 5
1769092633826 1.6309523582458496 6
1769092641737 1.0520271062850952 7
1769092650203 1.4368001222610474 8
1769092658669 3.2925617694854736 9
1769092666885 1.3598215579986572 10
1769092675327 1.3656412363052368 11
1769092683505 1.2416080236434937 12
1769092692236 1.4559484720230103 13
1769092700248 0.9308006763458252 14
1769092708693 1.3887038230895996 15
1769092717270 1.0221707820892334 16
1769092725548 0.9058021903038025 17
1769092734304 1.1116732358932495 18
1769092742348 1.1681504249572754 19
1769092750530 1.332098364830017 20
1769092758978 1.0455513000488281 21
1769092767248 1.08217191696167 22
1769092775767 0.86338210105896 23
1769092784297 0.9420972466468811 24
1769092792545 0.8822922110557556 25
1769092801112 1.3400179147720337 26
1769092809318 0.8280332684516907 27
1769092817575 0.8657698631286621 28
1769092825719 0.9336563348770142 29
1769092834086 0.8074866533279419 30
1769092842400 1.1100029945373535 31
1769092850327 0.9040641188621521 32
1769092858479 1.1288200616836548 33
1769092866698 1.0333151817321777 34
1769092874942 0.8719235062599182 35
1769092883296 1.0370160341262817 36
1769092891726 0.9512196183204651 37
1769092900322 0.8927041888237 38
1769092908583 0.6580626368522644 39
1769092917290 0.7754994034767151 40
1769092925533 1.2041977643966675 41
1769092933824 0.826047956943512 42
1769092942133 0.7545645833015442 43
1769092950264 1.294390082359314 44
1769092958872 0.75565105676651 45
1769092966949 0.8631885051727295 46
1769092975123 0.6197555661201477 47
1769092983460 0.7141261696815491 48
1769092991989 0.8280840516090393 49
1769093000574 0.7794131636619568 50
1769093008894 0.7821571826934814 51
1769093017146 1.2179522514343262 52
1769093025453 0.9667606353759766 53
1769093033709 1.0205787420272827 54
1769093042080 0.9233614802360535 55
1769093050542 0.9591125249862671 56
1769093058705 1.0080742835998535 57
1769093067559 0.7228267192840576 58
1769093076023 0.7280653715133667 59
1769093084409 0.7345174551010132 60
1769093092894 0.788288414478302 61
1769093101323 0.5891873240470886 62
1769093109329 0.6019772291183472 63
1769093117592 0.7633705735206604 64
1769093125915 0.7912086248397827 65
1769093134272 0.7846494913101196 66
1769093142612 0.617929995059967 67
1769093151591 0.7439402341842651 68
1769093160179 0.6150893568992615 69
1769093168393 0.6554055213928223 70
1769093176954 0.6519362330436707 71
1769093185433 0.696348249912262 72
1769093193927 0.8299872875213623 73
1769093202450 0.7199594378471375 74
1769093210962 0.7163116931915283 75
1769093219460 0.6816306710243225 76
1769093227697 0.7148415446281433 77
1769093236229 0.7268410921096802 78
1769093244507 0.6157668828964233 79
1769093252941 0.6854007840156555 80
1769093261384 0.6177887916564941 81
1769093270043 0.8813838362693787 82
1769093278445 0.662363588809967 83
1769093286929 0.8153983950614929 84
1769093295612 0.6821849346160889 85
1769093303753 0.6037418246269226 86
1769093312135 0.8326165080070496 87
1769093320528 1.075864553451538 88
1769093329071 0.5845761299133301 89
1769093337585 1.0110728740692139 90
1769093345883 0.6690671443939209 91
1769093354539 0.6638689637184143 92
1769093362647 0.6820418834686279 93
1769093371212 0.6993622183799744 94
1769093379396 0.6381176114082336 95
1769093387830 0.6174542307853699 96
1769093396254 0.6508377194404602 97
1769093404412 0.5409843921661377 98
1769093412851 0.672582745552063 99
1769093418987 0.672582745552063 99
