1769092591288 1.0700820684432983 1
1769092600177 0.9900826215744019 2
1769092608297 1.1278878450393677 3
1769092616799 0.9961772561073303 4
1769092625741 1.150697112083435 5
1769092633826 0.9490793943405151 6
1769092641737 0.9727701544761658 7
1769092650203 1.0547093152999878 8
1769092658669 1.6489994525909424 9
1769092666885 0.90836101770401 10
1769092675327 0.8988807201385498 11
1769092683505 0.9247696995735168 12
1769092692236 0.8891916275024414 13
1769092700248 1.0600721836090088 14
1769092708693 1.042736291885376 15
1769092717270 0.8892890810966492 16
1769092725548 0.9293645620346069 17
1769092734304 0.9008660316467285 18
1769092742348 1.0962092876434326 19
1769092750530 1.0386159420013428 20
1769092758978 0.8837287425994873 21
1769092767248 0.8765491247177124 22
1769092775767 1.1270979642868042 23
1769092784297 1.1726572513580322 24
1769092792545 0.9818413257598877 25
1769092801112 0.9010679125785828 26
1769092809318 0.9934357404708862 27
1769092817575 0.8617135286331177 28
1769092825719 1.060507893562317 29
1769092834086 0.8975539207458496 30
1769092842400 0.8781343102455139 31
1769092850327 0.8828456401824951 32
1769092858479 0.8585130572319031 33
1769092866698 0.9074839353561401 34
1769092874942 1.0409489870071411 35
1769092883296 0.8465335965156555 36
1769092891726 0.8881007432937622 37
1769092900322 0.8772498965263367 38
1769092908583 0.9312266111373901 39
1769092917290 0.952864408493042 40
1769092925533 0.886784553527832 41
1769092933824 0.8900251388549805 42
1769092942133 1.0356658697128296 43
1769092950264 0.9241495728492737 44
1769092958872 0.890923261642456 45
1769092966949 0.8396742939949036 46
1769092975123 0.8633009195327759 47
1769092983460 0.9195448160171509 48
1769092991989 0.9428387880325317 49
1769093000574 0.937596321105957 50
1769093008894 0.9138699173927307 51
1769093017146 1.0486805438995361 52
1769093025453 0.8604907393455505 53
1769093033709 0.8619266748428345 54
1769093042080 0.9406630992889404 55
1769093050542 0.8754862546920776 56
1769093058705 0.9490741491317749 57
1769093067559 0.8780431747436523 58
1769093076023 0.887630820274353 59
1769093084409 0.8995780348777771 60
1769093092894 0.9252331852912903 61
1769093101323 0.893571138381958 62
1769093109329 0.9717072248458862 63
1769093117592 0.8708250522613525 64
1769093125915 0.8809005618095398 65
1769093134272 0.9277307987213135 66
1769093142612 1.0054545402526855 67
1769093151591 0.8573349714279175 68
1769093160179 0.8494459390640259 69
1769093168393 0.8052686452865601 70
1769093176954 0.8169565200805664 71
1769093185433 0.8370918035507202 72
1769093193927 0.9097689986228943 73
1769093202450 0.8902444839477539 74
1769093210962 0.9194920063018799 75
1769093219460 0.9263874292373657 76
1769093227697 0.8617357015609741 77
1769093236229 0.9166758060455322 78
1769093244507 0.810248851776123 79
1769093252941 0.9984961152076721 80
1769093261384 0.8891220688819885 81
1769093270043 0.8581829071044922 82
1769093278445 0.9181386232376099 83
1769093286929 0.8642554879188538 84
1769093295612 1.0691196918487549 85
1769093303753 0.9013650417327881 86
1769093312135 0.81471186876297 87
1769093320528 0.812662661075592 88
1769093329071 0.9513676166534424 89
1769093337585 0.8718012571334839 90
1769093345883 0.8336725831031799 91
1769093354539 0.7570977210998535 92
1769093362647 0.8112566471099854 93
1769093371212 0.9705098867416382 94
1769093379396 0.9282351136207581 95
1769093387830 0.7992262244224548 96
1769093396254 0.876409649848938 97
1769093404412 0.8707733154296875 98
1769093412851 0.9909814596176147 99
1769093418987 0.9909814596176147 99
