1769070316568 0.0 1
1769070326981 0.045736000000000006 2
1769070337490 0.15886599999999998 3
1769070347752 0.134801 4
1769070357442 0.21796400000000002 5
1769070368778 0.290146 6
1769070380660 0.386417 7
1769070391460 0.40157800000000005 8
1769070401400 0.418455 9
1769070412546 0.443201 10
1769070423674 0.41259100000000004 11
1769070434200 0.353916 12
1769070445377 0.455903 13
1769070455552 0.50775 14
1769070467088 0.47721800000000003 15
1769070477782 0.505043 16
1769070488103 0.51807 17
1769070499911 0.524014 18
1769070510354 0.526694 19
1769070521253 0.526842 20
1769070531182 0.519998 21
1769070542110 0.524302 22
1769070552684 0.484065 23
1769070563774 0.526274 24
1769070573999 0.5304660000000001 25
1769070585484 0.537185 26
1769070596452 0.5299119999999999 27
1769070606459 0.534967 28
1769070617602 0.533911 29
1769070627958 0.538699 30
1769070638200 0.5363629999999999 31
1769070648349 0.515992 32
1769070658987 0.548796 33
1769070669389 0.5604450000000001 34
1769070680274 0.5423830000000001 35
1769070690593 0.54816 36
1769070701096 0.530686 37
1769070711441 0.536225 38
1769070722781 0.516651 39
1769070732668 0.538027 40
1769070742694 0.538328 41
1769070753141 0.551879 42
1769070763777 0.5573130000000001 43
1769070774756 0.53846 44
1769070784601 0.54954 45
1769070794489 0.561132 46
1769070805556 0.5475430000000001 47
1769070815886 0.5422560000000001 48
1769070826990 0.543099 49
1769070836796 0.54434 50
1769070847492 0.518071 51
1769070857702 0.5407790000000001 52
1769070868073 0.526216 53
1769070879165 0.573844 54
1769070889341 0.5465500000000001 55
1769070899842 0.565697 56
1769070910252 0.568687 57
1769070920989 0.5558230000000001 58
1769070932783 0.566608 59
1769070942696 0.548412 60
1769070953604 0.533348 61
1769070964367 0.548942 62
1769070974598 0.561504 63
1769070984763 0.5634830000000001 64
1769070994894 0.545037 65
1769071005159 0.5526530000000001 66
1769071015403 0.563369 67
1769071026204 0.5448500000000001 68
1769071037378 0.562758 69
1769071048633 0.5646680000000001 70
1769071058801 0.5628949999999999 71
1769071069086 0.5559370000000001 72
1769071078974 0.5629979999999999 73
1769071090346 0.567078 74
1769071100487 0.55786 75
1769071111759 0.553108 76
1769071122360 0.564968 77
1769071132669 0.563662 78
1769071143267 0.564144 79
1769071153677 0.554679 80
1769071163702 0.5573540000000001 81
1769071174583 0.543743 82
1769071184989 0.552922 83
1769071195500 0.5675680000000001 84
1769071203129 0.5728083165885345 84
