1769070316568 0.0 1
1769070326981 0.04117 2
1769070337490 0.14495 3
1769070347752 0.11719 4
1769070357442 0.19656 5
1769070368778 0.26144 6
1769070380660 0.35127 7
1769070391460 0.36718 8
1769070401400 0.37815 9
1769070412546 0.40211 10
1769070423674 0.36925 11
1769070434200 0.30861 12
1769070445377 0.41157 13
1769070455552 0.4659 14
1769070467088 0.43342 15
1769070477782 0.46245 16
1769070488103 0.47422 17
1769070499911 0.48264 18
1769070510354 0.48264 19
1769070521253 0.48423 20
1769070531182 0.47533 21
1769070542110 0.4802 22
1769070552684 0.43811 23
1769070563774 0.48206 24
1769070573999 0.48604 25
1769070585484 0.49525 26
1769070596452 0.48474 27
1769070606459 0.49147 28
1769070617602 0.49021 29
1769070627958 0.49394 30
1769070638200 0.49105 31
1769070648349 0.47042 32
1769070658987 0.50633 33
1769070669389 0.51795 34
1769070680274 0.49741 35
1769070690593 0.50464 36
1769070701096 0.48606 37
1769070711441 0.49026 38
1769070722781 0.46886 39
1769070732668 0.49207 40
1769070742694 0.4939 41
1769070753141 0.50726 42
1769070763777 0.51295 43
1769070774756 0.49527 44
1769070784601 0.50552 45
1769070794489 0.51723 46
1769070805556 0.5027 47
1769070815886 0.49719 48
1769070826990 0.49812 49
1769070836796 0.4992 50
1769070847492 0.47118 51
1769070857702 0.49625 52
1769070868073 0.47972 53
1769070879165 0.5311 54
1769070889341 0.50129 55
1769070899842 0.5222 56
1769070910252 0.52503 57
1769070920989 0.51121 58
1769070932783 0.52317 59
1769070942696 0.50306 60
1769070953604 0.48657 61
1769070964367 0.50343 62
1769070974598 0.51741 63
1769070984763 0.51976 64
1769070994894 0.49945 65
1769071005159 0.50744 66
1769071015403 0.51935 67
1769071026204 0.4992 68
1769071037378 0.51855 69
1769071048633 0.51995 70
1769071058801 0.51911 71
1769071069086 0.51158 72
1769071078974 0.51904 73
1769071090346 0.52281 74
1769071100487 0.51293 75
1769071111759 0.50847 76
1769071122360 0.52154 77
1769071132669 0.5192 78
1769071143267 0.52015 79
1769071153677 0.50981 80
1769071163702 0.5127 81
1769071174583 0.49778 82
1769071184989 0.5073 83
1769071195500 0.524 84
1769071203129 0.5299473166843154 84
