1769070316568 0.0 1
1769070326981 0.08683 2
1769070337490 0.28411 3
1769070347752 0.2933 4
1769070357442 0.4106 5
1769070368778 0.5485 6
1769070380660 0.70274 7
1769070391460 0.71116 8
1769070401400 0.7812 9
1769070412546 0.81302 10
1769070423674 0.80266 11
1769070434200 0.76167 12
1769070445377 0.8549 13
1769070455552 0.8844 14
1769070467088 0.8714 15
1769070477782 0.88838 16
1769070488103 0.91272 17
1769070499911 0.89638 18
1769070510354 0.92318 19
1769070521253 0.91035 20
1769070531182 0.92201 21
1769070542110 0.92122 22
1769070552684 0.89766 23
1769070563774 0.9242 24
1769070573999 0.9303 25
1769070585484 0.9146 26
1769070596452 0.93646 27
1769070606459 0.92644 28
1769070617602 0.92722 29
1769070627958 0.94153 30
1769070638200 0.94418 31
1769070648349 0.92614 32
1769070658987 0.93099 33
1769070669389 0.9429 34
1769070680274 0.94714 35
1769070690593 0.93984 36
1769070701096 0.93232 37
1769070711441 0.94991 38
1769070722781 0.94677 39
1769070732668 0.95164 40
1769070742694 0.93818 41
1769070753141 0.95345 42
1769070763777 0.95658 43
1769070774756 0.92717 44
1769070784601 0.94572 45
1769070794489 0.95625 46
1769070805556 0.95113 47
1769070815886 0.94785 48
1769070826990 0.94791 49
1769070836796 0.9506 50
1769070847492 0.94009 51
1769070857702 0.94154 52
1769070868073 0.94468 53
1769070879165 0.95854 54
1769070889341 0.95389 55
1769070899842 0.95717 56
1769070910252 0.9616 57
1769070920989 0.95734 58
1769070932783 0.95755 59
1769070942696 0.95658 60
1769070953604 0.95435 61
1769070964367 0.95855 62
1769070974598 0.95835 63
1769070984763 0.95699 64
1769070994894 0.95532 65
1769071005159 0.95957 66
1769071015403 0.95954 67
1769071026204 0.9557 68
1769071037378 0.96063 69
1769071048633 0.96713 70
1769071058801 0.95696 71
1769071069086 0.95515 72
1769071078974 0.95862 73
1769071090346 0.96549 74
1769071100487 0.96223 75
1769071111759 0.95485 76
1769071122360 0.95582 77
1769071132669 0.96382 78
1769071143267 0.96009 79
1769071153677 0.9585 80
1769071163702 0.95924 81
1769071174583 0.95741 82
1769071184989 0.96352 83
1769071195500 0.95968 84
1769071203129 0.958557315726506 84
