1769080479199 2.6072044372558594 1
1769080489105 2.4462971687316895 2
1769080498562 1.7462620735168457 3
1769080508211 2.803224802017212 4
1769080518219 2.173189878463745 5
1769080527471 1.8752814531326294 6
1769080536899 1.8661658763885498 7
1769080546070 2.164928674697876 8
1769080554899 2.7071352005004883 9
1769080564416 1.881361961364746 10
1769080573244 2.0237178802490234 11
1769080582554 1.6365621089935303 12
1769080592102 2.1803410053253174 13
1769080601325 1.562951922416687 14
1769080610294 2.5152673721313477 15
1769080619148 1.8217436075210571 16
1769080627994 1.4622626304626465 17
1769080637460 1.7242158651351929 18
1769080647028 1.7959781885147095 19
1769080655724 2.290790557861328 20
1769080664461 1.6639569997787476 21
1769080673256 1.9642677307128906 22
1769080682265 1.5857985019683838 23
1769080691078 1.9201009273529053 24
1769080699845 1.5579503774642944 25
1769080709689 2.1745755672454834 26
1769080718581 1.4647810459136963 27
1769080727271 1.682632327079773 28
1769080735969 1.6899564266204834 29
1769080744736 1.286461591720581 30
1769080753574 1.5184837579727173 31
1769080762253 1.6665865182876587 32
1769080771897 1.8814934492111206 33
1769080780504 1.6106013059616089 34
1769080789293 1.7218259572982788 35
1769080798115 1.9693105220794678 36
1769080806734 1.7845088243484497 37
1769080815473 1.4385623931884766 38
1769080824152 1.6937693357467651 39
1769080833243 1.6336885690689087 40
1769080841745 2.0221173763275146 41
1769080850365 1.317692518234253 42
1769080859153 1.6387499570846558 43
1769080867743 2.3130552768707275 44
1769080877222 1.5826913118362427 45
1769080886032 1.4079511165618896 46
1769080894853 1.1298850774765015 47
1769080903610 1.1645698547363281 48
1769080912475 1.3862075805664062 49
1769080922040 1.769675374031067 50
1769080930849 1.718659520149231 51
1769080939542 1.6610544919967651 52
1769080948254 1.6560802459716797 53
1769080957353 1.7610342502593994 54
1769080966172 1.5746703147888184 55
1769080974996 1.5262115001678467 56
1769080983853 1.5512369871139526 57
1769080992725 1.4271113872528076 58
1769081001696 1.2438523769378662 59
1769081010529 1.5308871269226074 60
1769081019558 1.7363481521606445 61
1769081028461 1.250674843788147 62
1769081037099 1.1800254583358765 63
1769081045916 1.3407968282699585 64
1769081054521 1.3823190927505493 65
1769081063455 1.3393667936325073 66
1769081072377 1.2706042528152466 67
1769081081008 1.2539699077606201 68
1769081089967 1.538457989692688 69
1769081098652 1.1845762729644775 70
1769081108231 1.3804881572723389 71
1769081117042 1.410668969154358 72
1769081125901 1.4102659225463867 73
1769081134654 1.3295320272445679 74
1769081143353 1.28607177734375 75
1769081152310 1.256325125694275 76
1769081160764 1.3941529989242554 77
1769081169466 1.3802539110183716 78
1769081178054 1.3294020891189575 79
1769081186784 1.2812705039978027 80
1769081195678 1.3773196935653687 81
1769081204465 1.4463398456573486 82
1769081213593 1.4789764881134033 83
1769081222277 1.9636375904083252 84
1769081230904 1.4816187620162964 85
1769081239461 1.0788943767547607 86
1769081247984 1.6741528511047363 87
1769081256670 2.3776910305023193 88
1769081265439 1.1770328283309937 89
1769081274315 1.6028900146484375 90
1769081283246 1.1297032833099365 91
1769081292137 1.3734198808670044 92
1769081300634 1.3705636262893677 93
1769081309634 1.5453906059265137 94
1769081318398 1.2766159772872925 95
1769081327139 1.0383636951446533 96
1769081335829 0.9913776516914368 97
1769081344605 0.9054886698722839 98
1769081353320 1.055090069770813 99
1769081362001 1.2092533111572266 100
1769081370862 1.263534426689148 101
1769081377880 1.263534426689148 101
