1769080479199 6.377866268157959 1
1769080489105 2.5033183097839355 2
1769080498562 1.633073091506958 3
1769080508211 2.0788495540618896 4
1769080518219 2.150683641433716 5
1769080527471 1.3426673412322998 6
1769080536899 0.8958556652069092 7
1769080546070 1.178765892982483 8
1769080554899 2.238680601119995 9
1769080564416 1.0536198616027832 10
1769080573244 1.0168006420135498 11
1769080582554 0.7937730550765991 12
1769080592102 1.0843753814697266 13
1769080601325 0.8102003931999207 14
1769080610294 1.4067697525024414 15
1769080619148 0.9462972283363342 16
1769080627994 0.7649087905883789 17
1769080637460 1.0446295738220215 18
1769080647028 1.0703206062316895 19
1769080655724 1.146694540977478 20
1769080664461 0.8278614282608032 21
1769080673256 0.8805267214775085 22
1769080682265 0.734408438205719 23
1769080691078 0.8829014897346497 24
1769080699845 0.6936257481575012 25
1769080709689 1.2602156400680542 26
1769080718581 0.7602730393409729 27
1769080727271 0.8005421161651611 28
1769080735969 0.8017191290855408 29
1769080744736 0.6267189383506775 30
1769080753574 0.9241857528686523 31
1769080762253 0.7764958143234253 32
1769080771897 1.0136687755584717 33
1769080780504 0.9259223937988281 34
1769080789293 0.8170992136001587 35
1769080798115 1.1083273887634277 36
1769080806734 0.9421975016593933 37
1769080815473 0.7675372958183289 38
1769080824152 0.6536893248558044 39
1769080833243 0.9187076687812805 40
1769080841745 1.0820847749710083 41
1769080850365 0.8531832098960876 42
1769080859153 0.7145596742630005 43
1769080867743 1.067652940750122 44
1769080877222 0.6273422241210938 45
1769080886032 0.7105547189712524 46
1769080894853 0.6076381802558899 47
1769080903610 0.6264075636863708 48
1769080912475 0.6213671565055847 49
1769080922040 0.7796356081962585 50
1769080930849 0.8477205634117126 51
1769080939542 1.0236051082611084 52
1769080948254 0.7565467357635498 53
1769080957353 1.0200051069259644 54
1769080966172 0.713463306427002 55
1769080974996 0.8065174221992493 56
1769080983853 0.6776654124259949 57
1769080992725 0.5873759984970093 58
1769081001696 0.6147162318229675 59
1769081010529 0.5895792245864868 60
1769081019558 0.6680864691734314 61
1769081028461 0.5110487341880798 62
1769081037099 0.554905891418457 63
1769081045916 0.6173751354217529 64
1769081054521 0.6714125871658325 65
1769081063455 0.6698616147041321 66
1769081072377 0.725243866443634 67
1769081081008 0.640825629234314 68
1769081089967 0.6076858639717102 69
1769081098652 0.6090407371520996 70
1769081108231 0.6017516851425171 71
1769081117042 0.6098266243934631 72
1769081125901 0.7089320421218872 73
1769081134654 0.5521371364593506 74
1769081143353 0.5562233328819275 75
1769081152310 0.664844274520874 76
1769081160764 0.5945448875427246 77
1769081169466 0.5820795893669128 78
1769081178054 0.5011978149414062 79
1769081186784 0.5643826723098755 80
1769081195678 0.518838107585907 81
1769081204465 0.6359009742736816 82
1769081213593 0.6245746612548828 83
1769081222277 0.8040920495986938 84
1769081230904 0.6162773370742798 85
1769081239461 0.5107668042182922 86
1769081247984 0.7652961015701294 87
1769081256670 1.0509002208709717 88
1769081265439 0.5524547100067139 89
1769081274315 0.7456292510032654 90
1769081283246 0.507409393787384 91
1769081292137 0.6536762714385986 92
1769081300634 0.5994722247123718 93
1769081309634 0.7732696533203125 94
1769081318398 0.5439531803131104 95
1769081327139 0.5514212250709534 96
1769081335829 0.5483900308609009 97
1769081344605 0.4883642792701721 98
1769081353320 0.5278447866439819 99
1769081362001 0.5228248238563538 100
1769081370862 0.5877624750137329 101
1769081377880 0.5877624750137329 101
