1769080479199 0.9671289920806885 1
1769080489105 0.9863736033439636 2
1769080498562 1.0452589988708496 3
1769080508211 0.958754301071167 4
1769080518219 1.0742855072021484 5
1769080527471 0.8695406913757324 6
1769080536899 0.9535712003707886 7
1769080546070 1.0896066427230835 8
1769080554899 1.4558591842651367 9
1769080564416 0.8726522326469421 10
1769080573244 0.8856375217437744 11
1769080582554 0.9459509253501892 12
1769080592102 0.8738105893135071 13
1769080601325 1.0295883417129517 14
1769080610294 1.0418187379837036 15
1769080619148 0.9005239605903625 16
1769080627994 0.8976078033447266 17
1769080637460 0.9102050065994263 18
1769080647028 1.0503826141357422 19
1769080655724 1.0247316360473633 20
1769080664461 0.8535416126251221 21
1769080673256 0.9516376256942749 22
1769080682265 1.0455222129821777 23
1769080691078 1.0996806621551514 24
1769080699845 0.9193253517150879 25
1769080709689 0.8528091907501221 26
1769080718581 0.9756426811218262 27
1769080727271 0.8770295977592468 28
1769080735969 0.991632878780365 29
1769080744736 0.8904093503952026 30
1769080753574 0.8655964136123657 31
1769080762253 0.8507716655731201 32
1769080771897 0.8560832738876343 33
1769080780504 0.8747973442077637 34
1769080789293 1.0092504024505615 35
1769080798115 0.8482973575592041 36
1769080806734 0.8919014930725098 37
1769080815473 0.8458255529403687 38
1769080824152 0.9518871307373047 39
1769080833243 0.9488820433616638 40
1769080841745 0.8388525247573853 41
1769080850365 0.8335464000701904 42
1769080859153 0.9738648533821106 43
1769080867743 0.906851053237915 44
1769080877222 0.9021636843681335 45
1769080886032 0.7944375872612 46
1769080894853 0.8352217674255371 47
1769080903610 0.9368484020233154 48
1769080912475 0.9292700290679932 49
1769080922040 0.9067111015319824 50
1769080930849 0.9409845471382141 51
1769080939542 0.9159547090530396 52
1769080948254 0.8475788831710815 53
1769080957353 0.8382713794708252 54
1769080966172 0.9466937780380249 55
1769080974996 0.8337544202804565 56
1769080983853 0.9103740453720093 57
1769080992725 0.843767523765564 58
1769081001696 0.8707371354103088 59
1769081010529 0.8411276936531067 60
1769081019558 0.8899790048599243 61
1769081028461 0.8716318607330322 62
1769081037099 0.9083611965179443 63
1769081045916 0.8250097036361694 64
1769081054521 0.8631887435913086 65
1769081063455 0.8838547468185425 66
1769081072377 0.9542438983917236 67
1769081081008 0.8065292835235596 68
1769081089967 0.8454389572143555 69
1769081098652 0.7981868982315063 70
1769081108231 0.8430732488632202 71
1769081117042 0.8119513392448425 72
1769081125901 0.8518186807632446 73
1769081134654 0.8499240875244141 74
1769081143353 0.892051100730896 75
1769081152310 0.8959567546844482 76
1769081160764 0.8195503950119019 77
1769081169466 0.9008095264434814 78
1769081178054 0.8628024458885193 79
1769081186784 0.9154047966003418 80
1769081195678 0.8687509298324585 81
1769081204465 0.8239733576774597 82
1769081213593 0.9207374453544617 83
1769081222277 0.8753154873847961 84
1769081230904 1.0155993700027466 85
1769081239461 0.8504449725151062 86
1769081247984 0.8327502012252808 87
1769081256670 0.7984279990196228 88
1769081265439 0.8854710459709167 89
1769081274315 0.8585067987442017 90
1769081283246 0.80510413646698 91
1769081292137 0.7437400817871094 92
1769081300634 0.8135045170783997 93
1769081309634 0.9385243654251099 94
1769081318398 0.9118235111236572 95
1769081327139 0.7703396081924438 96
1769081335829 0.8585473299026489 97
1769081344605 0.84458327293396 98
1769081353320 0.8851319551467896 99
1769081362001 0.8388888835906982 100
1769081370862 0.9205800294876099 101
1769081377880 0.9205800294876099 101
