1769099976879 0.040352 1
1769099993756 0.21935300000000002 2
1769100010640 0.235482 3
1769100027339 0.30186999999999997 4
1769100043856 0.413022 5
1769100059761 0.203221 6
1769100076274 0.467448 7
1769100092321 0.211629 8
1769100108180 0.284024 9
1769100124156 0.438392 10
1769100140082 0.36349299999999996 11
1769100156515 0.527973 12
1769100172868 0.554381 13
1769100188767 0.54756 14
1769100204542 0.542949 15
1769100220417 0.54313 16
1769100236824 0.5567960000000001 17
1769100252672 0.5367190000000001 18
1769100268515 0.550805 19
1769100284422 0.526076 20
1769100300222 0.508729 21
1769100316312 0.542614 22
1769100332165 0.534923 23
1769100348204 0.547731 24
1769100364775 0.564917 25
1769100381169 0.586309 26
1769100397023 0.53792 27
1769100412961 0.530246 28
1769100428775 0.55671 29
1769100444626 0.570103 30
1769100460592 0.48219 31
1769100476532 0.585098 32
1769100492337 0.577357 33
1769100508180 0.5815870000000001 34
1769100524664 0.595674 35
1769100540560 0.5705330000000001 36
1769100556375 0.567499 37
1769100572254 0.561432 38
1769100588248 0.5485599999999999 39
1769100604265 0.568665 40
1769100620136 0.57941 41
1769100636567 0.6017440000000001 42
1769100652452 0.58877 43
1769100668305 0.5978969999999999 44
1769100684195 0.594044 45
1769100700054 0.591782 46
1769100715984 0.5891770000000001 47
1769100731819 0.598482 48
1769100747648 0.595094 49
1769100763531 0.6000800000000001 50
1769100779418 0.5962130000000001 51
1769100795336 0.5858979999999999 52
1769100811087 0.5242720000000001 53
1769100826935 0.560533 54
1769100842768 0.583895 55
1769100858667 0.586605 56
1769100874621 0.557345 57
1769100890503 0.516015 58
1769100906560 0.579936 59
1769100923084 0.604053 60
1769100938825 0.5895630000000001 61
1769100954726 0.582919 62
1769100970489 0.592225 63
1769100986573 0.566372 64
1769101003026 0.605069 65
1769101018832 0.5908950000000001 66
1769101034742 0.597713 67
1769101050602 0.56104 68
1769101066430 0.5871360000000001 69
1769101082353 0.598029 70
1769101098839 0.607731 71
1769101114677 0.598265 72
1769101130550 0.592262 73
1769101146480 0.592159 74
1769101162386 0.604878 75
1769101178250 0.597432 76
1769101194119 0.5974740000000001 77
1769101210163 0.579574 78
1769101226149 0.581665 79
1769101242187 0.6014349999999999 80
1769101258237 0.576074 81
1769101274175 0.558647 82
1769101290136 0.581724 83
1769101305945 0.580073 84
1769101321937 0.5998540000000001 85
1769101337821 0.59248 86
1769101353666 0.6006849999999999 87
1769101369562 0.6032230000000001 88
1769101385395 0.5998070000000001 89
1769101401351 0.6023010000000001 90
1769101417777 0.610673 91
1769101434328 0.612912 92
1769101450360 0.60334 93
1769101466387 0.5991839999999999 94
1769101482297 0.60076 95
1769101498143 0.596541 96
1769101513938 0.597629 97
1769101529940 0.5979880000000001 98
1769101545984 0.594795 99
1769101562146 0.593573 100
1769101578182 0.6031600000000001 101
1769101594195 0.577134 102
1769101610147 0.593029 103
1769101626083 0.597735 104
1769101642034 0.604506 105
1769101657836 0.6096139999999999 106
1769101673718 0.597978 107
1769101689603 0.608959 108
1769101705599 0.5979669999999999 109
1769101721719 0.6074240000000001 110
1769101737618 0.590978 111
1769101753401 0.591986 112
1769101769291 0.601974 113
1769101785802 0.614206 114
1769101801638 0.597138 115
1769101817586 0.595072 116
1769101833372 0.602244 117
1769101849336 0.6094350000000001 118
1769101865293 0.6030010000000001 119
1769101881256 0.601224 120
1769101897045 0.599038 121
1769101912918 0.61266 122
1769101928835 0.6051169999999999 123
1769101944753 0.603913 124
1769101961084 0.614746 125
1769101976989 0.613482 126
1769101992858 0.608228 127
1769102008756 0.603031 128
1769102024629 0.6064510000000001 129
1769102040503 0.603859 130
1769102057059 0.617554 131
1769102072970 0.616572 132
1769102088958 0.608174 133
1769102104912 0.6025590000000001 134
1769102120877 0.613024 135
1769102136925 0.610492 136
1769102153047 0.609334 137
1769102169136 0.61155 138
1769102185105 0.6103840000000001 139
1769102200994 0.604535 140
1769102216894 0.6157680000000001 141
1769102233028 0.6138440000000001 142
1769102249121 0.608014 143
1769102265206 0.610801 144
1769102281204 0.6149580000000001 145
1769102297153 0.603461 146
1769102313247 0.6153130000000001 147
1769102329380 0.611839 148
1769102345182 0.608662 149
1769102361346 0.61159 150
1769102377436 0.6080720000000001 151
1769102393402 0.602179 152
1769102409396 0.60854 153
1769102425324 0.611931 154
1769102441185 0.600971 155
1769102457393 0.6027220000000001 156
1769102473402 0.607234 157
1769102489276 0.604789 158
1769102505357 0.607111 159
1769102521213 0.604214 160
1769102537130 0.597168 161
1769102544656 0.6173883027861338 161
