1769099976879 0.10355 1
1769099993756 0.48632 2
1769100010640 0.47211 3
1769100027339 0.62605 4
1769100043856 0.84333 5
1769100059761 0.53074 6
1769100076274 0.89889 7
1769100092321 0.56127 8
1769100108180 0.68546 9
1769100124156 0.90011 10
1769100140082 0.82864 11
1769100156515 0.94677 12
1769100172868 0.95381 13
1769100188767 0.95121 14
1769100204542 0.95523 15
1769100220417 0.94894 16
1769100236824 0.96311 17
1769100252672 0.95908 18
1769100268515 0.959 19
1769100284422 0.94859 20
1769100300222 0.9562 21
1769100316312 0.96709 22
1769100332165 0.96974 23
1769100348204 0.95859 24
1769100364775 0.96719 25
1769100381169 0.97834 26
1769100397023 0.96668 27
1769100412961 0.97076 28
1769100428775 0.97386 29
1769100444626 0.97468 30
1769100460592 0.91815 31
1769100476532 0.97865 32
1769100492337 0.97216 33
1769100508180 0.97873 34
1769100524664 0.98424 35
1769100540560 0.97556 36
1769100556375 0.96304 37
1769100572254 0.96375 38
1769100588248 0.96049 39
1769100604265 0.97695 40
1769100620136 0.97586 41
1769100636567 0.97519 42
1769100652452 0.97028 43
1769100668305 0.97416 44
1769100684195 0.96866 45
1769100700054 0.97817 46
1769100715984 0.98164 47
1769100731819 0.97623 48
1769100747648 0.97304 49
1769100763531 0.97853 50
1769100779418 0.97937 51
1769100795336 0.97774 52
1769100811087 0.96529 53
1769100826935 0.97924 54
1769100842768 0.9776 55
1769100858667 0.97374 56
1769100874621 0.97067 57
1769100890503 0.96246 58
1769100906560 0.9795 59
1769100923084 0.9837 60
1769100938825 0.97659 61
1769100954726 0.97198 62
1769100970489 0.97918 63
1769100986573 0.96608 64
1769101003026 0.97919 65
1769101018832 0.97398 66
1769101034742 0.97655 67
1769101050602 0.96703 68
1769101066430 0.97374 69
1769101082353 0.97557 70
1769101098839 0.98007 71
1769101114677 0.97586 72
1769101130550 0.97379 73
1769101146480 0.97294 74
1769101162386 0.98205 75
1769101178250 0.97608 76
1769101194119 0.9774 77
1769101210163 0.97489 78
1769101226149 0.96205 79
1769101242187 0.97768 80
1769101258237 0.97643 81
1769101274175 0.97442 82
1769101290136 0.96885 83
1769101305945 0.97349 84
1769101321937 0.9769 85
1769101337821 0.97489 86
1769101353666 0.97873 87
1769101369562 0.98323 88
1769101385395 0.97994 89
1769101401351 0.97743 90
1769101417777 0.97988 91
1769101434328 0.9768 92
1769101450360 0.98287 93
1769101466387 0.98109 94
1769101482297 0.98128 95
1769101498143 0.97536 96
1769101513938 0.97436 97
1769101529940 0.97633 98
1769101545984 0.97941 99
1769101562146 0.97988 100
1769101578182 0.9808 101
1769101594195 0.97659 102
1769101610147 0.97039 103
1769101626083 0.97983 104
1769101642034 0.98049 105
1769101657836 0.9791 106
1769101673718 0.98127 107
1769101689603 0.9784 108
1769101705599 0.9808 109
1769101721719 0.9824 110
1769101737618 0.98354 111
1769101753401 0.98318 112
1769101769291 0.98316 113
1769101785802 0.98092 114
1769101801638 0.98106 115
1769101817586 0.98263 116
1769101833372 0.98361 117
1769101849336 0.98091 118
1769101865293 0.98308 119
1769101881256 0.98097 120
1769101897045 0.98071 121
1769101912918 0.98328 122
1769101928835 0.9803 123
1769101944753 0.98131 124
1769101961084 0.98299 125
1769101976989 0.97782 126
1769101992858 0.97982 127
1769102008756 0.98131 128
1769102024629 0.97771 129
1769102040503 0.98293 130
1769102057059 0.98164 131
1769102072970 0.98298 132
1769102088958 0.98306 133
1769102104912 0.98361 134
1769102120877 0.98368 135
1769102136925 0.98104 136
1769102153047 0.98242 137
1769102169136 0.98226 138
1769102185105 0.98041 139
1769102200994 0.97988 140
1769102216894 0.98034 141
1769102233028 0.97892 142
1769102249121 0.98056 143
1769102265206 0.98116 144
1769102281204 0.98025 145
1769102297153 0.97832 146
1769102313247 0.98245 147
1769102329380 0.98146 148
1769102345182 0.98182 149
1769102361346 0.9805 150
1769102377436 0.98051 151
1769102393402 0.97882 152
1769102409396 0.98015 153
1769102425324 0.98004 154
1769102441185 0.97844 155
1769102457393 0.97921 156
1769102473402 0.98014 157
1769102489276 0.9808 158
1769102505357 0.98134 159
1769102521213 0.98288 160
1769102537130 0.981 161
1769102544656 0.9816369637774772 161
