1769099976879 0.03333 1
1769099993756 0.18969 2
1769100010640 0.20919 3
1769100027339 0.26585 4
1769100043856 0.36521 5
1769100059761 0.16683 6
1769100076274 0.41951 7
1769100092321 0.17278 8
1769100108180 0.23942 9
1769100124156 0.38709 10
1769100140082 0.31181 11
1769100156515 0.48144 12
1769100172868 0.51 13
1769100188767 0.50271 14
1769100204542 0.49714 15
1769100220417 0.49804 16
1769100236824 0.51165 17
1769100252672 0.48979 18
1769100268515 0.50545 19
1769100284422 0.47913 20
1769100300222 0.45901 21
1769100316312 0.49545 22
1769100332165 0.48661 23
1769100348204 0.50208 24
1769100364775 0.52022 25
1769100381169 0.54275 26
1769100397023 0.49028 27
1769100412961 0.4813 28
1769100428775 0.51036 29
1769100444626 0.52515 30
1769100460592 0.43375 31
1769100476532 0.54137 32
1769100492337 0.53349 33
1769100508180 0.53746 34
1769100524664 0.5525 35
1769100540560 0.52553 36
1769100556375 0.52355 37
1769100572254 0.51673 38
1769100588248 0.50279 39
1769100604265 0.5233 40
1769100620136 0.53536 41
1769100636567 0.56025 42
1769100652452 0.54638 43
1769100668305 0.55609 44
1769100684195 0.55242 45
1769100700054 0.54885 46
1769100715984 0.54557 47
1769100731819 0.55651 48
1769100747648 0.5531 49
1769100763531 0.55803 50
1769100779418 0.55364 51
1769100795336 0.54236 52
1769100811087 0.47527 53
1769100826935 0.51401 54
1769100842768 0.54015 55
1769100858667 0.54359 56
1769100874621 0.51142 57
1769100890503 0.46641 58
1769100906560 0.53554 59
1769100923084 0.56187 60
1769100938825 0.54656 61
1769100954726 0.53969 62
1769100970489 0.54923 63
1769100986573 0.52196 64
1769101003026 0.5635 65
1769101018832 0.54833 66
1769101034742 0.55562 67
1769101050602 0.51593 68
1769101066430 0.54418 69
1769101082353 0.55608 70
1769101098839 0.56636 71
1769101114677 0.55631 72
1769101130550 0.54987 73
1769101146480 0.54985 74
1769101162386 0.56297 75
1769101178250 0.55536 76
1769101194119 0.55526 77
1769101210163 0.53565 78
1769101226149 0.5394 79
1769101242187 0.55963 80
1769101258237 0.53159 81
1769101274175 0.51245 82
1769101290136 0.53871 83
1769101305945 0.53636 84
1769101321937 0.55796 85
1769101337821 0.54999 86
1769101353666 0.55868 87
1769101369562 0.561 88
1769101385395 0.55757 89
1769101401351 0.56062 90
1769101417777 0.56965 91
1769101434328 0.57248 92
1769101450360 0.56117 93
1769101466387 0.55675 94
1769101482297 0.55848 95
1769101498143 0.55445 96
1769101513938 0.55577 97
1769101529940 0.55595 98
1769101545984 0.55206 99
1769101562146 0.55065 100
1769101578182 0.5612 101
1769101594195 0.53275 102
1769101610147 0.5511 103
1769101626083 0.55528 104
1769101642034 0.56273 105
1769101657836 0.56856 106
1769101673718 0.55539 107
1769101689603 0.56791 108
1769101705599 0.55543 109
1769101721719 0.56576 110
1769101737618 0.54736 111
1769101753401 0.54852 112
1769101769291 0.55962 113
1769101785802 0.57346 114
1769101801638 0.55448 115
1769101817586 0.55201 116
1769101833372 0.55987 117
1769101849336 0.56816 118
1769101865293 0.56077 119
1769101881256 0.55903 120
1769101897045 0.55663 121
1769101912918 0.57148 122
1769101928835 0.56343 123
1769101944753 0.56198 124
1769101961084 0.57383 125
1769101976989 0.573 126
1769101992858 0.56694 127
1769102008756 0.561 128
1769102024629 0.5652 129
1769102040503 0.56174 130
1769102057059 0.5771 131
1769102072970 0.57586 132
1769102088958 0.56652 133
1769102104912 0.56022 134
1769102120877 0.57184 135
1769102136925 0.56932 136
1769102153047 0.56788 137
1769102169136 0.57036 138
1769102185105 0.56927 139
1769102200994 0.56283 140
1769102216894 0.57526 141
1769102233028 0.57328 142
1769102249121 0.56662 143
1769102265206 0.56965 144
1769102281204 0.57437 145
1769102297153 0.56181 146
1769102313247 0.57452 147
1769102329380 0.57077 148
1769102345182 0.5672 149
1769102361346 0.5706 150
1769102377436 0.56669 151
1769102393402 0.56033 152
1769102409396 0.56725 153
1769102425324 0.57103 154
1769102441185 0.55903 155
1769102457393 0.56089 156
1769102473402 0.5658 157
1769102489276 0.56301 158
1769102505357 0.56553 159
1769102521213 0.56214 160
1769102537130 0.55452 161
1769102544656 0.5769162293426512 161
