1769099976879 1.7136379480361938 1
1769099993756 1.9371495246887207 2
1769100010640 1.8715002536773682 3
1769100027339 2.1271770000457764 4
1769100043856 1.6755937337875366 5
1769100059761 1.8941525220870972 6
1769100076274 1.823615312576294 7
1769100092321 1.6964499950408936 8
1769100108180 2.1996591091156006 9
1769100124156 1.6531249284744263 10
1769100140082 1.5881941318511963 11
1769100156515 1.3334466218948364 12
1769100172868 1.7560839653015137 13
1769100188767 1.6228201389312744 14
1769100204542 1.6680760383605957 15
1769100220417 1.6410433053970337 16
1769100236824 1.5524324178695679 17
1769100252672 1.6477631330490112 18
1769100268515 1.9998912811279297 19
1769100284422 1.9031095504760742 20
1769100300222 1.522735834121704 21
1769100316312 1.6504582166671753 22
1769100332165 1.5075451135635376 23
1769100348204 1.842568278312683 24
1769100364775 1.5506731271743774 25
1769100381169 1.6536592245101929 26
1769100397023 1.4183388948440552 27
1769100412961 1.5863981246948242 28
1769100428775 1.489179253578186 29
1769100444626 1.3024601936340332 30
1769100460592 1.4727205038070679 31
1769100476532 1.4350851774215698 32
1769100492337 1.4572515487670898 33
1769100508180 1.5604649782180786 34
1769100524664 1.8949618339538574 35
1769100540560 1.5805844068527222 36
1769100556375 1.634085774421692 37
1769100572254 1.5268094539642334 38
1769100588248 1.3519625663757324 39
1769100604265 1.4603781700134277 40
1769100620136 1.6663717031478882 41
1769100636567 1.1677099466323853 42
1769100652452 1.478452444076538 43
1769100668305 1.7295446395874023 44
1769100684195 1.626577615737915 45
1769100700054 1.523787021636963 46
1769100715984 1.162386178970337 47
1769100731819 1.282145380973816 48
1769100747648 1.2798725366592407 49
1769100763531 1.430873155593872 50
1769100779418 1.6568081378936768 51
1769100795336 2.0428850650787354 52
1769100811087 1.538323163986206 53
1769100826935 1.3247995376586914 54
1769100842768 1.4789209365844727 55
1769100858667 1.4387402534484863 56
1769100874621 1.6264640092849731 57
1769100890503 1.3622499704360962 58
1769100906560 1.451001763343811 59
1769100923084 1.4340850114822388 60
1769100938825 1.5036426782608032 61
1769100954726 1.1154268980026245 62
1769100970489 1.2819116115570068 63
1769100986573 1.388418436050415 64
1769101003026 1.298281192779541 65
1769101018832 1.2918117046356201 66
1769101034742 1.2828625440597534 67
1769101050602 1.3378190994262695 68
1769101066430 1.5765845775604248 69
1769101082353 1.1525862216949463 70
1769101098839 1.2932491302490234 71
1769101114677 1.2655668258666992 72
1769101130550 1.3953502178192139 73
1769101146480 1.5190179347991943 74
1769101162386 1.3110928535461426 75
1769101178250 1.1838761568069458 76
1769101194119 1.306130051612854 77
1769101210163 1.3700449466705322 78
1769101226149 1.2789934873580933 79
1769101242187 1.4288480281829834 80
1769101258237 1.13471257686615 81
1769101274175 1.352550983428955 82
1769101290136 1.2427095174789429 83
1769101305945 1.6512537002563477 84
1769101321937 1.3853139877319336 85
1769101337821 1.0780177116394043 86
1769101353666 1.2759205102920532 87
1769101369562 2.1155452728271484 88
1769101385395 1.2628976106643677 89
1769101401351 1.3572547435760498 90
1769101417777 1.1961480379104614 91
1769101434328 1.2373946905136108 92
1769101450360 1.2570096254348755 93
1769101466387 1.4388056993484497 94
1769101482297 1.1771671772003174 95
1769101498143 1.0174109935760498 96
1769101513938 1.1395981311798096 97
1769101529940 1.0577656030654907 98
1769101545984 1.2928123474121094 99
1769101562146 0.9335795044898987 100
1769101578182 1.4634411334991455 101
1769101594195 1.107585072517395 102
1769101610147 1.1203981637954712 103
1769101626083 1.146260142326355 104
1769101642034 1.1760016679763794 105
1769101657836 1.2919623851776123 106
1769101673718 1.033033013343811 107
1769101689603 1.1608668565750122 108
1769101705599 0.9697924852371216 109
1769101721719 1.2338104248046875 110
1769101737618 1.0223009586334229 111
1769101753401 1.291242003440857 112
1769101769291 1.0031406879425049 113
1769101785802 1.0058449506759644 114
1769101801638 1.0789713859558105 115
1769101817586 1.4088534116744995 116
1769101833372 1.1155996322631836 117
1769101849336 1.0000460147857666 118
1769101865293 1.1088968515396118 119
1769101881256 1.0685746669769287 120
1769101897045 1.1378034353256226 121
1769101912918 1.222962498664856 122
1769101928835 1.0517867803573608 123
1769101944753 1.1851197481155396 124
1769101961084 1.2360594272613525 125
1769101976989 0.8948184847831726 126
1769101992858 0.9024760127067566 127
1769102008756 1.0915457010269165 128
1769102024629 0.9380637407302856 129
1769102040503 0.8832620978355408 130
1769102057059 1.1883015632629395 131
1769102072970 0.8563017249107361 132
1769102088958 1.0167779922485352 133
1769102104912 1.1886396408081055 134
1769102120877 1.1003682613372803 135
1769102136925 1.0317707061767578 136
1769102153047 0.9798076152801514 137
1769102169136 0.808215856552124 138
1769102185105 1.0372322797775269 139
1769102200994 0.767914354801178 140
1769102216894 0.7894620299339294 141
1769102233028 1.1191097497940063 142
1769102249121 0.6884509921073914 143
1769102265206 0.9894679188728333 144
1769102281204 0.9405495524406433 145
1769102297153 0.9029466509819031 146
1769102313247 0.8551902174949646 147
1769102329380 0.8964823484420776 148
1769102345182 0.8776438236236572 149
1769102361346 0.8701479434967041 150
1769102377436 0.9229216575622559 151
1769102393402 1.019936442375183 152
1769102409396 0.9675983190536499 153
1769102425324 0.9316732883453369 154
1769102441185 0.7544370889663696 155
1769102457393 1.263640284538269 156
1769102473402 0.9141542911529541 157
1769102489276 0.922402024269104 158
1769102505357 0.9405254125595093 159
1769102521213 0.9701215028762817 160
1769102537130 0.9245076179504395 161
1769102544656 0.9245076179504395 161
