1769099976879 4.480678558349609 1
1769099993756 1.480772852897644 2
1769100010640 1.116867184638977 3
1769100027339 1.3594622611999512 4
1769100043856 1.2313079833984375 5
1769100059761 1.1494437456130981 6
1769100076274 0.8398025631904602 7
1769100092321 1.1031608581542969 8
1769100108180 1.6118137836456299 9
1769100124156 0.8362970948219299 10
1769100140082 0.8543571829795837 11
1769100156515 0.6570266485214233 12
1769100172868 0.8746866583824158 13
1769100188767 0.8614814877510071 14
1769100204542 0.9703617691993713 15
1769100220417 0.8413852453231812 16
1769100236824 0.798949122428894 17
1769100252672 0.8129050135612488 18
1769100268515 0.9629184007644653 19
1769100284422 0.9545263051986694 20
1769100300222 0.7374294996261597 21
1769100316312 0.8158724308013916 22
1769100332165 0.6964359283447266 23
1769100348204 0.7468602061271667 24
1769100364775 0.7410120368003845 25
1769100381169 0.9691820740699768 26
1769100397023 0.7183678150177002 27
1769100412961 0.7860399484634399 28
1769100428775 0.736400842666626 29
1769100444626 0.6185891628265381 30
1769100460592 0.8319612741470337 31
1769100476532 0.8491540551185608 32
1769100492337 0.7977393269538879 33
1769100508180 0.7325858473777771 34
1769100524664 0.7669715881347656 35
1769100540560 0.9875301122665405 36
1769100556375 0.9089312553405762 37
1769100572254 0.6029557585716248 38
1769100588248 0.5701698660850525 39
1769100604265 0.6370223164558411 40
1769100620136 0.7439315915107727 41
1769100636567 0.7549656629562378 42
1769100652452 0.6419403553009033 43
1769100668305 0.7820321917533875 44
1769100684195 0.7512634992599487 45
1769100700054 0.7158498167991638 46
1769100715984 0.5682915449142456 47
1769100731819 0.6073386073112488 48
1769100747648 0.6351826190948486 49
1769100763531 0.6561743021011353 50
1769100779418 0.7017872333526611 51
1769100795336 0.8509334921836853 52
1769100811087 0.6281979084014893 53
1769100826935 0.643182635307312 54
1769100842768 0.6511629819869995 55
1769100858667 0.6759365797042847 56
1769100874621 0.6503467559814453 57
1769100890503 0.6006039977073669 58
1769100906560 0.6558099389076233 59
1769100923084 0.6790454983711243 60
1769100938825 0.6477446556091309 61
1769100954726 0.5347021222114563 62
1769100970489 0.6220597624778748 63
1769100986573 0.5788225531578064 64
1769101003026 0.612407386302948 65
1769101018832 0.6335247755050659 66
1769101034742 0.6063746809959412 67
1769101050602 0.5205650329589844 68
1769101066430 0.6489492654800415 69
1769101082353 0.5595129132270813 70
1769101098839 0.5042657852172852 71
1769101114677 0.5876560807228088 72
1769101130550 0.5549384951591492 73
1769101146480 0.5473999977111816 74
1769101162386 0.6015327572822571 75
1769101178250 0.5601741671562195 76
1769101194119 0.6059783101081848 77
1769101210163 0.6208721399307251 78
1769101226149 0.6190991997718811 79
1769101242187 0.606884241104126 80
1769101258237 0.4971064031124115 81
1769101274175 0.7148001194000244 82
1769101290136 0.5759117007255554 83
1769101305945 0.6034708619117737 84
1769101321937 0.592220664024353 85
1769101337821 0.49841073155403137 86
1769101353666 0.5548994541168213 87
1769101369562 0.8778688311576843 88
1769101385395 0.4998917281627655 89
1769101401351 0.6146553158760071 90
1769101417777 0.5607334971427917 91
1769101434328 0.5272396802902222 92
1769101450360 0.5627263188362122 93
1769101466387 0.556369423866272 94
1769101482297 0.5159560441970825 95
1769101498143 0.516900897026062 96
1769101513938 0.48298969864845276 97
1769101529940 0.46690836548805237 98
1769101545984 0.5372803211212158 99
1769101562146 0.4280225932598114 100
1769101578182 0.6345097422599792 101
1769101594195 0.4944040775299072 102
1769101610147 0.5059269666671753 103
1769101626083 0.5675477385520935 104
1769101642034 0.5488309264183044 105
1769101657836 0.5201260447502136 106
1769101673718 0.5273615121841431 107
1769101689603 0.4546828866004944 108
1769101705599 0.4502015709877014 109
1769101721719 0.46694737672805786 110
1769101737618 0.49823641777038574 111
1769101753401 0.5353727340698242 112
1769101769291 0.46923309564590454 113
1769101785802 0.5632067918777466 114
1769101801638 0.5551303625106812 115
1769101817586 0.5621699690818787 116
1769101833372 0.5361703038215637 117
1769101849336 0.5062339305877686 118
1769101865293 0.5676629543304443 119
1769101881256 0.4698812663555145 120
1769101897045 0.5356264114379883 121
1769101912918 0.40073150396347046 122
1769101928835 0.4183177053928375 123
1769101944753 0.4946224093437195 124
1769101961084 0.5896481871604919 125
1769101976989 0.41774728894233704 126
1769101992858 0.3982353210449219 127
1769102008756 0.5042513012886047 128
1769102024629 0.40390971302986145 129
1769102040503 0.4086899161338806 130
1769102057059 0.5373958945274353 131
1769102072970 0.4143151640892029 132
1769102088958 0.4565715193748474 133
1769102104912 0.5009139776229858 134
1769102120877 0.4869951903820038 135
1769102136925 0.47021931409835815 136
1769102153047 0.41921088099479675 137
1769102169136 0.4234926998615265 138
1769102185105 0.528464138507843 139
1769102200994 0.38224056363105774 140
1769102216894 0.3663513958454132 141
1769102233028 0.5604875087738037 142
1769102249121 0.3256005346775055 143
1769102265206 0.4906524121761322 144
1769102281204 0.4336751103401184 145
1769102297153 0.4315137267112732 146
1769102313247 0.3802719712257385 147
1769102329380 0.38407763838768005 148
1769102345182 0.419302761554718 149
1769102361346 0.43042194843292236 150
1769102377436 0.41146889328956604 151
1769102393402 0.4904944896697998 152
1769102409396 0.47365671396255493 153
1769102425324 0.5065089464187622 154
1769102441185 0.4390820860862732 155
1769102457393 0.5694320797920227 156
1769102473402 0.43078097701072693 157
1769102489276 0.41840797662734985 158
1769102505357 0.40828731656074524 159
1769102521213 0.37710586190223694 160
1769102537130 0.42870280146598816 161
1769102544656 0.42870280146598816 161
