1769099976879 0.9771507978439331 1
1769099993756 1.0387195348739624 2
1769100010640 1.2308932542800903 3
1769100027339 0.9681703448295593 4
1769100043856 1.1679348945617676 5
1769100059761 0.952126145362854 6
1769100076274 1.0421380996704102 7
1769100092321 1.1285325288772583 8
1769100108180 1.603170394897461 9
1769100124156 1.0296844244003296 10
1769100140082 0.9998738765716553 11
1769100156515 0.8939580917358398 12
1769100172868 0.9546855688095093 13
1769100188767 1.1596587896347046 14
1769100204542 0.9436299800872803 15
1769100220417 0.9908593893051147 16
1769100236824 1.0322380065917969 17
1769100252672 1.073683261871338 18
1769100268515 1.4022464752197266 19
1769100284422 1.0950502157211304 20
1769100300222 0.9388222694396973 21
1769100316312 1.0833930969238281 22
1769100332165 1.1544445753097534 23
1769100348204 1.2733829021453857 24
1769100364775 0.9198934435844421 25
1769100381169 0.891146183013916 26
1769100397023 1.0592373609542847 27
1769100412961 0.9479671716690063 28
1769100428775 1.0361121892929077 29
1769100444626 0.9838982820510864 30
1769100460592 0.97743821144104 31
1769100476532 0.9937031269073486 32
1769100492337 0.8999733924865723 33
1769100508180 0.9135022759437561 34
1769100524664 1.216268539428711 35
1769100540560 0.9433884620666504 36
1769100556375 0.9786517024040222 37
1769100572254 0.9527075290679932 38
1769100588248 1.0442463159561157 39
1769100604265 0.9958214163780212 40
1769100620136 0.9507414102554321 41
1769100636567 0.9200336337089539 42
1769100652452 1.0998353958129883 43
1769100668305 0.9111133217811584 44
1769100684195 0.9750529527664185 45
1769100700054 0.9803973436355591 46
1769100715984 1.0064876079559326 47
1769100731819 1.0415626764297485 48
1769100747648 0.9620227813720703 49
1769100763531 1.0037243366241455 50
1769100779418 1.0092532634735107 51
1769100795336 1.3152344226837158 52
1769100811087 1.0648045539855957 53
1769100826935 0.8762799501419067 54
1769100842768 1.0316964387893677 55
1769100858667 0.8517547845840454 56
1769100874621 0.9505335688591003 57
1769100890503 0.9282321929931641 58
1769100906560 1.0015995502471924 59
1769100923084 0.9775640964508057 60
1769100938825 0.9086204767227173 61
1769100954726 0.8897836208343506 62
1769100970489 0.8602750301361084 63
1769100986573 0.9829663038253784 64
1769101003026 0.8674678802490234 65
1769101018832 0.9832364916801453 66
1769101034742 1.0167312622070312 67
1769101050602 0.9667215347290039 68
1769101066430 1.011837124824524 69
1769101082353 0.8547143936157227 70
1769101098839 0.9942721128463745 71
1769101114677 0.8796875476837158 72
1769101130550 0.9038540124893188 73
1769101146480 1.0188517570495605 74
1769101162386 1.0623254776000977 75
1769101178250 0.9532442092895508 76
1769101194119 0.9329458475112915 77
1769101210163 0.9916396141052246 78
1769101226149 0.9413481950759888 79
1769101242187 1.0640889406204224 80
1769101258237 0.8696746826171875 81
1769101274175 0.9293886423110962 82
1769101290136 0.9047096371650696 83
1769101305945 0.9886361360549927 84
1769101321937 1.0513473749160767 85
1769101337821 0.9391453266143799 86
1769101353666 0.8961701989173889 87
1769101369562 0.8642200827598572 88
1769101385395 1.110374093055725 89
1769101401351 0.9268594980239868 90
1769101417777 0.8893651962280273 91
1769101434328 0.849887490272522 92
1769101450360 0.9171856641769409 93
1769101466387 1.0326889753341675 94
1769101482297 0.9727222323417664 95
1769101498143 0.8736659288406372 96
1769101513938 0.995734691619873 97
1769101529940 0.9165036678314209 98
1769101545984 1.0437607765197754 99
1769101562146 0.9350908994674683 100
1769101578182 1.1997318267822266 101
1769101594195 1.0094630718231201 102
1769101610147 0.8825549483299255 103
1769101626083 1.057332992553711 104
1769101642034 0.8425533771514893 105
1769101657836 0.9349024295806885 106
1769101673718 0.8955261707305908 107
1769101689603 0.8846780061721802 108
1769101705599 0.8592501878738403 109
1769101721719 0.8365280628204346 110
1769101737618 0.8737596273422241 111
1769101753401 0.911219596862793 112
1769101769291 0.8186284303665161 113
1769101785802 0.8870794773101807 114
1769101801638 0.8728875517845154 115
1769101817586 0.8835001587867737 116
1769101833372 0.8562424182891846 117
1769101849336 0.8535764217376709 118
1769101865293 0.8975963592529297 119
1769101881256 0.9245625734329224 120
1769101897045 0.8831719160079956 121
1769101912918 1.0068589448928833 122
1769101928835 1.0833728313446045 123
1769101944753 0.9319977760314941 124
1769101961084 0.9185166358947754 125
1769101976989 0.8524730801582336 126
1769101992858 0.831606388092041 127
1769102008756 0.8300086259841919 128
1769102024629 0.8181976079940796 129
1769102040503 0.8184753656387329 130
1769102057059 0.8493447303771973 131
1769102072970 0.8639059066772461 132
1769102088958 0.8872990608215332 133
1769102104912 0.9041458368301392 134
1769102120877 0.8520870208740234 135
1769102136925 0.9458218216896057 136
1769102153047 0.8982070684432983 137
1769102169136 0.8636725544929504 138
1769102185105 1.0597667694091797 139
1769102200994 0.8184548616409302 140
1769102216894 0.8190898895263672 141
1769102233028 0.7940846681594849 142
1769102249121 0.7722806930541992 143
1769102265206 0.8692997694015503 144
1769102281204 0.8253706097602844 145
1769102297153 0.8223428726196289 146
1769102313247 0.8315809965133667 147
1769102329380 0.8223259449005127 148
1769102345182 0.759462833404541 149
1769102361346 0.815193235874176 150
1769102377436 0.8640018701553345 151
1769102393402 0.8420072793960571 152
1769102409396 0.866567850112915 153
1769102425324 0.8984346389770508 154
1769102441185 0.8227497339248657 155
1769102457393 0.8144165277481079 156
1769102473402 0.9040378332138062 157
1769102489276 0.9190154671669006 158
1769102505357 0.8199295997619629 159
1769102521213 0.9227887988090515 160
1769102537130 0.8620436191558838 161
1769102544656 0.8620436191558838 161
