1769081457957 0.127984 1
1769081474052 0.361128 2
1769081489407 0.426266 3
1769081504003 0.314245 4
1769081518655 0.381718 5
1769081533166 0.42686700000000005 6
1769081548313 0.465894 7
1769081563574 0.5261220000000001 8
1769081578143 0.5209400000000001 9
1769081593463 0.526989 10
1769081607907 0.47524500000000003 11
1769081622397 0.521705 12
1769081637678 0.5514600000000001 13
1769081652972 0.5579470000000001 14
1769081667431 0.503468 15
1769081681941 0.5408280000000001 16
1769081696613 0.5535479999999999 17
1769081711245 0.528192 18
1769081725810 0.542147 19
1769081741015 0.564575 20
1769081755629 0.533982 21
1769081770856 0.568475 22
1769081785376 0.552072 23
1769081799942 0.536704 24
1769081814503 0.5671080000000001 25
1769081829680 0.5876399999999999 26
1769081844087 0.5690560000000001 27
1769081858551 0.585316 28
1769081873128 0.5801290000000001 29
1769081887618 0.5678730000000001 30
1769081902032 0.522287 31
1769081916722 0.529147 32
1769081931367 0.553086 33
1769081945883 0.570528 34
1769081960363 0.5778110000000001 35
1769081974889 0.56235 36
1769081989333 0.576233 37
1769082003799 0.554085 38
1769082018282 0.576404 39
1769082032765 0.575069 40
1769082047383 0.565074 41
1769082061915 0.577556 42
1769082076519 0.583137 43
1769082091026 0.559457 44
1769082105637 0.58325 45
1769082120088 0.575049 46
1769082134550 0.581543 47
1769082149045 0.5797690000000001 48
1769082164327 0.592781 49
1769082178922 0.578265 50
1769082193533 0.572781 51
1769082208002 0.57351 52
1769082222603 0.568452 53
1769082237103 0.579874 54
1769082251672 0.589399 55
1769082266210 0.58479 56
1769082280770 0.5710540000000001 57
1769082295265 0.574492 58
1769082309796 0.5809259999999999 59
1769082324343 0.573395 60
1769082339036 0.553542 61
1769082353574 0.564374 62
1769082368068 0.586363 63
1769082382653 0.583786 64
1769082397246 0.581246 65
1769082411739 0.587842 66
1769082426876 0.597966 67
1769082441414 0.561681 68
1769082456019 0.5776640000000001 69
1769082470549 0.595101 70
1769082485120 0.5924790000000001 71
1769082499639 0.582828 72
1769082514184 0.5900909999999999 73
1769082528626 0.5828800000000001 74
1769082543164 0.582522 75
1769082557844 0.5734950000000001 76
1769082572387 0.5592670000000001 77
1769082586944 0.5709970000000001 78
1769082601461 0.5661170000000001 79
1769082615928 0.585695 80
1769082630540 0.5798260000000001 81
1769082645193 0.569099 82
1769082659763 0.5908819999999999 83
1769082674250 0.5887 84
1769082688772 0.588186 85
1769082703224 0.578147 86
1769082717746 0.568059 87
1769082732279 0.57381 88
1769082746909 0.59282 89
1769082761478 0.5929199999999999 90
1769082776595 0.604265 91
1769082791077 0.590434 92
1769082805657 0.586528 93
1769082820210 0.5888390000000001 94
1769082834674 0.57687 95
1769082849187 0.577499 96
1769082863745 0.5816560000000001 97
1769082878237 0.58424 98
1769082892724 0.576372 99
1769082907332 0.577637 100
1769082921908 0.588945 101
1769082936515 0.5790109999999999 102
1769082951185 0.581385 103
1769082965715 0.595816 104
1769082980314 0.593182 105
1769082994861 0.582662 106
1769083009529 0.597929 107
1769083024146 0.599256 108
1769083038899 0.595654 109
1769083053476 0.589254 110
1769083068028 0.584586 111
1769083082565 0.5946180000000001 112
1769083097236 0.58676 113
1769083111815 0.595157 114
1769083126384 0.5825210000000001 115
1769083141038 0.585932 116
1769083155605 0.596654 117
1769083170093 0.5947340000000001 118
1769083184519 0.592034 119
1769083199121 0.5861719999999999 120
1769083213816 0.579534 121
1769083221968 0.6041589776470001 121
