1769081457957 0.11252 1
1769081474052 0.32344 2
1769081489407 0.38358 3
1769081504003 0.26849 4
1769081518655 0.34164 5
1769081533166 0.37751 6
1769081548313 0.41616 7
1769081563574 0.47899 8
1769081578143 0.47388 9
1769081593463 0.48088 10
1769081607907 0.42573 11
1769081622397 0.47557 12
1769081637678 0.50707 13
1769081652972 0.51422 14
1769081667431 0.45472 15
1769081681941 0.49563 16
1769081696613 0.50937 17
1769081711245 0.48449 18
1769081725810 0.49515 19
1769081741015 0.51954 20
1769081755629 0.48659 21
1769081770856 0.52423 22
1769081785376 0.50673 23
1769081799942 0.49104 24
1769081814503 0.52307 25
1769081829680 0.54514 26
1769081844087 0.52536 27
1769081858551 0.54313 28
1769081873128 0.53712 29
1769081887618 0.52329 30
1769081902032 0.473 31
1769081916722 0.48194 32
1769081931367 0.50698 33
1769081945883 0.52623 34
1769081960363 0.53344 35
1769081974889 0.51872 36
1769081989333 0.53304 37
1769082003799 0.50731 38
1769082018282 0.53308 39
1769082032765 0.53129 40
1769082047383 0.5202 41
1769082061915 0.53309 42
1769082076519 0.53913 43
1769082091026 0.51438 44
1769082105637 0.53971 45
1769082120088 0.53108 46
1769082134550 0.538 47
1769082149045 0.53612 48
1769082164327 0.55037 49
1769082178922 0.53406 50
1769082193533 0.52867 51
1769082208002 0.52906 52
1769082222603 0.52343 53
1769082237103 0.53533 54
1769082251672 0.54719 55
1769082266210 0.54137 56
1769082280770 0.5258 57
1769082295265 0.52916 58
1769082309796 0.53687 59
1769082324343 0.52848 60
1769082339036 0.50612 61
1769082353574 0.51934 62
1769082368068 0.54353 63
1769082382653 0.54011 64
1769082397246 0.53696 65
1769082411739 0.5444 66
1769082426876 0.55604 67
1769082441414 0.5158 68
1769082456019 0.53393 69
1769082470549 0.55245 70
1769082485120 0.54922 71
1769082499639 0.53928 72
1769082514184 0.54707 73
1769082528626 0.53878 74
1769082543164 0.53855 75
1769082557844 0.52998 76
1769082572387 0.51322 77
1769082586944 0.5268 78
1769082601461 0.52058 79
1769082615928 0.54189 80
1769082630540 0.53532 81
1769082645193 0.52419 82
1769082659763 0.5478 83
1769082674250 0.54545 84
1769082688772 0.5446 85
1769082703224 0.53442 86
1769082717746 0.52276 87
1769082732279 0.5291 88
1769082746909 0.55052 89
1769082761478 0.55041 90
1769082776595 0.56294 91
1769082791077 0.54752 92
1769082805657 0.54276 93
1769082820210 0.54556 94
1769082834674 0.53282 95
1769082849187 0.53326 96
1769082863745 0.5382 97
1769082878237 0.54106 98
1769082892724 0.53188 99
1769082907332 0.53326 100
1769082921908 0.54606 101
1769082936515 0.53482 102
1769082951185 0.53755 103
1769082965715 0.55332 104
1769082980314 0.55009 105
1769082994861 0.53863 106
1769083009529 0.5554 107
1769083024146 0.55742 108
1769083038899 0.55315 109
1769083053476 0.54609 110
1769083068028 0.54096 111
1769083082565 0.55169 112
1769083097236 0.54319 113
1769083111815 0.55245 114
1769083126384 0.53937 115
1769083141038 0.54267 116
1769083155605 0.55464 117
1769083170093 0.5525 118
1769083184519 0.5497 119
1769083199121 0.54263 120
1769083213816 0.53513 121
1769083221968 0.5628259197734362 121
