1769081457957 0.26716 1
1769081474052 0.70032 2
1769081489407 0.81044 3
1769081504003 0.72604 4
1769081518655 0.74242 5
1769081533166 0.87108 6
1769081548313 0.9135 7
1769081563574 0.95031 8
1769081578143 0.94448 9
1769081593463 0.94197 10
1769081607907 0.92088 11
1769081622397 0.93692 12
1769081637678 0.95097 13
1769081652972 0.95149 14
1769081667431 0.9422 15
1769081681941 0.94761 16
1769081696613 0.95115 17
1769081711245 0.92151 18
1769081725810 0.96512 19
1769081741015 0.96989 20
1769081755629 0.96051 21
1769081770856 0.96668 22
1769081785376 0.96015 23
1769081799942 0.94768 24
1769081814503 0.96345 25
1769081829680 0.97014 26
1769081844087 0.96232 27
1769081858551 0.96499 28
1769081873128 0.96721 29
1769081887618 0.96912 30
1769081902032 0.96587 31
1769081916722 0.95401 32
1769081931367 0.96804 33
1769081945883 0.96921 34
1769081960363 0.97715 35
1769081974889 0.95502 36
1769081989333 0.96497 37
1769082003799 0.97506 38
1769082018282 0.96632 39
1769082032765 0.96908 40
1769082047383 0.96894 41
1769082061915 0.97775 42
1769082076519 0.9792 43
1769082091026 0.96515 44
1769082105637 0.97511 45
1769082120088 0.97077 46
1769082134550 0.97343 47
1769082149045 0.97261 48
1769082164327 0.97448 49
1769082178922 0.97611 50
1769082193533 0.96978 51
1769082208002 0.97356 52
1769082222603 0.97365 53
1769082237103 0.98077 54
1769082251672 0.96928 55
1769082266210 0.97557 56
1769082280770 0.97834 57
1769082295265 0.98248 58
1769082309796 0.97743 59
1769082324343 0.97763 60
1769082339036 0.98034 61
1769082353574 0.96968 62
1769082368068 0.97186 63
1769082382653 0.97687 64
1769082397246 0.97982 65
1769082411739 0.97882 66
1769082426876 0.9753 67
1769082441414 0.97461 68
1769082456019 0.97127 69
1769082470549 0.97896 70
1769082485120 0.98181 71
1769082499639 0.97476 72
1769082514184 0.97728 73
1769082528626 0.97978 74
1769082543164 0.97827 75
1769082557844 0.96513 76
1769082572387 0.97369 77
1769082586944 0.96877 78
1769082601461 0.97595 79
1769082615928 0.97994 80
1769082630540 0.98038 81
1769082645193 0.97328 82
1769082659763 0.97862 83
1769082674250 0.97795 84
1769082688772 0.98046 85
1769082703224 0.97169 86
1769082717746 0.97575 87
1769082732279 0.9762 88
1769082746909 0.97352 89
1769082761478 0.97551 90
1769082776595 0.97619 91
1769082791077 0.97666 92
1769082805657 0.98044 93
1769082820210 0.97835 94
1769082834674 0.97332 95
1769082849187 0.97565 96
1769082863745 0.97276 97
1769082878237 0.97286 98
1769082892724 0.9768 99
1769082907332 0.97703 100
1769082921908 0.97491 101
1769082936515 0.97673 102
1769082951185 0.9759 103
1769082965715 0.97828 104
1769082980314 0.98101 105
1769082994861 0.97895 106
1769083009529 0.98069 107
1769083024146 0.97578 108
1769083038899 0.97819 109
1769083053476 0.97773 110
1769083068028 0.97722 111
1769083082565 0.98097 112
1769083097236 0.97889 113
1769083111815 0.97952 114
1769083126384 0.97088 115
1769083141038 0.97529 116
1769083155605 0.97478 117
1769083170093 0.97484 118
1769083184519 0.97304 119
1769083199121 0.97805 120
1769083213816 0.97917 121
1769083221968 0.9761564985090754 121
