1769098351168 2.5473227500915527 1
1769098361036 2.753453493118286 2
1769098370836 1.8959782123565674 3
1769098380463 2.7596285343170166 4
1769098390078 1.9956690073013306 5
1769098398886 2.139378070831299 6
1769098408399 1.882870078086853 7
1769098417997 2.0731945037841797 8
1769098427083 2.6354029178619385 9
1769098435944 1.7817401885986328 10
1769098444943 1.9146441221237183 11
1769098454383 1.6457680463790894 12
1769098463676 2.0811362266540527 13
1769098473272 1.6374253034591675 14
1769098482991 2.360924005508423 15
1769098492700 1.7026779651641846 16
1769098502138 1.4886518716812134 17
1769098511397 1.663565993309021 18
1769098520228 2.0633161067962646 19
1769098529166 2.278407573699951 20
1769098538167 1.6273187398910522 21
1769098547130 1.8143657445907593 22
1769098556433 1.6824613809585571 23
1769098565365 1.9743928909301758 24
1769098574316 1.7494919300079346 25
1769098584212 2.303661823272705 26
1769098593257 1.6291828155517578 27
1769098602378 1.6997991800308228 28
1769098611215 1.7230290174484253 29
1769098620840 1.4985896348953247 30
1769098629764 1.4561436176300049 31
1769098638660 1.4969779253005981 32
1769098648450 1.9805188179016113 33
1769098657314 1.842660903930664 34
1769098666283 1.7624921798706055 35
1769098675266 2.083237648010254 36
1769098684147 1.823828101158142 37
1769098693126 1.7281813621520996 38
1769098702198 1.5857868194580078 39
1769098711145 1.7238836288452148 40
1769098720004 2.1585826873779297 41
1769098729529 1.5525298118591309 42
1769098739087 1.764886498451233 43
1769098748202 2.099480628967285 44
1769098757155 1.7977098226547241 45
1769098765967 1.4543207883834839 46
1769098774856 1.2339106798171997 47
1769098783693 1.427215337753296 48
1769098792826 1.148242473602295 49
1769098801990 1.6631231307983398 50
1769098810993 1.5359255075454712 51
1769098819767 2.1541872024536133 52
1769098828916 2.051358938217163 53
1769098837898 1.568610429763794 54
1769098846958 1.475841760635376 55
1769098855864 1.5129948854446411 56
1769098864873 1.7972301244735718 57
1769098873778 1.6011604070663452 58
1769098883013 1.3600037097930908 59
1769098891872 1.6599754095077515 60
1769098900837 1.4687026739120483 61
1769098910544 1.178210735321045 62
1769098920129 1.2219974994659424 63
1769098928953 1.4981422424316406 64
1769098937701 1.3548531532287598 65
1769098946715 1.4597831964492798 66
1769098955718 1.2788575887680054 67
1769098964720 1.3762905597686768 68
1769098974014 1.5029505491256714 69
1769098983045 1.4708995819091797 70
1769098992031 1.1918073892593384 71
1769099001133 1.5656675100326538 72
1769099010426 1.464843511581421 73
1769099019335 1.6213616132736206 74
1769099028142 1.430878758430481 75
1769099037027 1.6309272050857544 76
1769099045692 1.665771722793579 77
1769099054808 1.4676240682601929 78
1769099063667 1.4811853170394897 79
1769099073098 1.4226816892623901 80
1769099082068 1.724560260772705 81
1769099090979 1.38813316822052 82
1769099100299 1.5180833339691162 83
1769099109196 1.7766211032867432 84
1769099118027 1.5310828685760498 85
1769099126940 1.1484460830688477 86
1769099135942 1.5393277406692505 87
1769099145181 2.539635181427002 88
1769099154013 1.3878343105316162 89
1769099163071 1.5257878303527832 90
1769099172469 1.1309162378311157 91
1769099181560 1.430374264717102 92
1769099190750 1.4707235097885132 93
1769099199703 1.542988896369934 94
1769099208678 1.3118125200271606 95
1769099217844 1.2942394018173218 96
1769099226880 1.181003451347351 97
1769099235792 1.1320652961730957 98
1769099245048 1.2590713500976562 99
1769099254051 1.329464077949524 100
1769099263179 1.5365815162658691 101
1769099272110 1.259784460067749 102
1769099281031 1.3989543914794922 103
1769099290209 1.1109349727630615 104
1769099299083 1.4431358575820923 105
1769099308162 1.4003758430480957 106
1769099317266 1.097100853919983 107
1769099326067 1.3500447273254395 108
1769099335618 1.1455103158950806 109
1769099345193 1.3218910694122314 110
1769099354313 1.2782260179519653 111
1769099363538 1.6924654245376587 112
1769099372998 1.2564189434051514 113
1769099382167 0.947380006313324 114
1769099391504 1.3404724597930908 115
1769099401299 1.6221566200256348 116
1769099410500 1.3081902265548706 117
1769099420222 1.3808213472366333 118
1769099429231 1.3767906427383423 119
1769099438122 1.1571825742721558 120
1769099447080 1.2032136917114258 121
1769099456366 1.3468384742736816 122
1769099465796 1.1445355415344238 123
1769099474903 1.0931333303451538 124
1769099483673 1.4914631843566895 125
1769099492627 1.0288259983062744 126
1769099501961 1.2267658710479736 127
1769099511565 1.269589900970459 128
1769099520724 1.0701044797897339 129
1769099529619 0.9909234642982483 130
1769099538519 1.6595202684402466 131
1769099547642 0.9786282181739807 132
1769099556982 1.3120256662368774 133
1769099565863 1.253481149673462 134
1769099574882 1.3215793371200562 135
1769099583618 1.2361507415771484 136
1769099592626 1.3348065614700317 137
1769099602177 0.9759232997894287 138
1769099611127 1.1050982475280762 139
1769099620247 1.1241607666015625 140
1769099629022 1.0545068979263306 141
1769099638050 1.527201533317566 142
1769099647334 0.8234171271324158 143
1769099656489 1.0656551122665405 144
1769099665646 1.2355103492736816 145
1769099674701 1.2094275951385498 146
1769099683982 0.9705979228019714 147
1769099692920 0.9483354687690735 148
1769099702193 1.111436367034912 149
1769099711596 1.0704083442687988 150
1769099720875 1.028659701347351 151
1769099729844 1.368852138519287 152
1769099739578 1.1057050228118896 153
1769099749135 1.1490633487701416 154
1769099758068 0.9621351957321167 155
1769099767042 1.8372257947921753 156
1769099776107 0.9930123090744019 157
1769099785154 1.0639252662658691 158
1769099794296 0.9727259874343872 159
1769099803414 1.2098122835159302 160
1769099812272 1.0674939155578613 161
1769099821183 1.2146576642990112 162
1769099830324 0.9993471503257751 163
1769099839388 1.1370728015899658 164
1769099848198 1.3086626529693604 165
1769099857365 1.1535595655441284 166
1769099866647 1.0491009950637817 167
1769099875947 0.9571515321731567 168
1769099882917 0.9571515321731567 168
