1769098351168 6.506470203399658 1
1769098361036 2.159576654434204 2
1769098370836 1.4606165885925293 3
1769098380463 1.7548073530197144 4
1769098390078 1.980295181274414 5
1769098398886 1.4696372747421265 6
1769098408399 0.90522700548172 7
1769098417997 1.2747838497161865 8
1769098427083 2.2369399070739746 9
1769098435944 0.9829453825950623 10
1769098444943 1.0517367124557495 11
1769098454383 0.9437221884727478 12
1769098463676 1.2341095209121704 13
1769098473272 0.9796696305274963 14
1769098482991 1.4433075189590454 15
1769098492700 0.8420098423957825 16
1769098502138 0.8327089548110962 17
1769098511397 0.9232471585273743 18
1769098520228 1.2018959522247314 19
1769098529166 1.2126097679138184 20
1769098538167 0.8705338835716248 21
1769098547130 0.8576134443283081 22
1769098556433 0.8535179495811462 23
1769098565365 0.9459418058395386 24
1769098574316 0.8465370535850525 25
1769098584212 1.1243722438812256 26
1769098593257 0.7961310148239136 27
1769098602378 0.9496854543685913 28
1769098611215 0.8602827191352844 29
1769098620840 0.6738684177398682 30
1769098629764 0.9015018343925476 31
1769098638660 0.779620349407196 32
1769098648450 1.0866162776947021 33
1769098657314 0.8970325589179993 34
1769098666283 0.8173003792762756 35
1769098675266 0.9426763653755188 36
1769098684147 1.0099537372589111 37
1769098693126 0.8295695781707764 38
1769098702198 0.6626917123794556 39
1769098711145 1.0860298871994019 40
1769098720004 1.0739673376083374 41
1769098729529 0.9165902733802795 42
1769098739087 0.7876942157745361 43
1769098748202 1.0428276062011719 44
1769098757155 0.7386259436607361 45
1769098765967 0.6558684706687927 46
1769098774856 0.6227176785469055 47
1769098783693 0.6904099583625793 48
1769098792826 0.6413653492927551 49
1769098801990 0.7156532406806946 50
1769098810993 0.8763660788536072 51
1769098819767 1.258500337600708 52
1769098828916 0.7770789265632629 53
1769098837898 0.819883406162262 54
1769098846958 0.6730433106422424 55
1769098855864 0.8641032576560974 56
1769098864873 0.6712606549263 57
1769098873778 0.6408044099807739 58
1769098883013 0.663946270942688 59
1769098891872 0.6664947867393494 60
1769098900837 0.6479936838150024 61
1769098910544 0.5371460914611816 62
1769098920129 0.6244024038314819 63
1769098928953 0.6328001618385315 64
1769098937701 0.6450250744819641 65
1769098946715 0.7281728386878967 66
1769098955718 0.6303313374519348 67
1769098964720 0.6054608225822449 68
1769098974014 0.814903974533081 69
1769098983045 0.6552277207374573 70
1769098992031 0.6216703653335571 71
1769099001133 0.6806675791740417 72
1769099010426 0.6900932192802429 73
1769099019335 0.6248807311058044 74
1769099028142 0.6308695077896118 75
1769099037027 0.790637195110321 76
1769099045692 0.6751701831817627 77
1769099054808 0.6448482871055603 78
1769099063667 0.6117823123931885 79
1769099073098 0.5961991548538208 80
1769099082068 0.6304392218589783 81
1769099090979 0.5984001755714417 82
1769099100299 0.6935725212097168 83
1769099109196 0.7200825810432434 84
1769099118027 0.6613958477973938 85
1769099126940 0.5146831274032593 86
1769099135942 0.6916642189025879 87
1769099145181 1.1168136596679688 88
1769099154013 0.6322131752967834 89
1769099163071 0.714593231678009 90
1769099172469 0.5287782549858093 91
1769099181560 0.6405951380729675 92
1769099190750 0.6318708062171936 93
1769099199703 0.6215178370475769 94
1769099208678 0.5496279001235962 95
1769099217844 0.5312848687171936 96
1769099226880 0.6924736499786377 97
1769099235792 0.48079630732536316 98
1769099245048 0.5659927725791931 99
1769099254051 0.5963628888130188 100
1769099263179 0.6864044666290283 101
1769099272110 0.4784478545188904 102
1769099281031 0.623624324798584 103
1769099290209 0.6212232708930969 104
1769099299083 0.6275932192802429 105
1769099308162 0.5560933351516724 106
1769099317266 0.5866590738296509 107
1769099326067 0.5244333148002625 108
1769099335618 0.5546182990074158 109
1769099345193 0.49968716502189636 110
1769099354313 0.6378733515739441 111
1769099363538 0.781330406665802 112
1769099372998 0.5863053202629089 113
1769099382167 0.5425084233283997 114
1769099391504 0.6135894656181335 115
1769099401299 0.7088263630867004 116
1769099410500 0.6348209977149963 117
1769099420222 0.6672511696815491 118
1769099429231 0.6631494760513306 119
1769099438122 0.5318005681037903 120
1769099447080 0.5901497006416321 121
1769099456366 0.4992174804210663 122
1769099465796 0.4835158884525299 123
1769099474903 0.4899742305278778 124
1769099483673 0.7004468441009521 125
1769099492627 0.4972582757472992 126
1769099501961 0.5168734192848206 127
1769099511565 0.6424866914749146 128
1769099520724 0.4727599322795868 129
1769099529619 0.46567627787590027 130
1769099538519 0.648697018623352 131
1769099547642 0.41541337966918945 132
1769099556982 0.6990734338760376 133
1769099565863 0.7947649955749512 134
1769099574882 0.6002053618431091 135
1769099583618 0.49097660183906555 136
1769099592626 0.624886155128479 137
1769099602177 0.4865623116493225 138
1769099611127 0.5906810164451599 139
1769099620247 0.4792448580265045 140
1769099629022 0.4917033910751343 141
1769099638050 0.7670779228210449 142
1769099647334 0.40048354864120483 143
1769099656489 0.46851250529289246 144
1769099665646 0.5535739064216614 145
1769099674701 0.5182164311408997 146
1769099683982 0.3785041272640228 147
1769099692920 0.4074944257736206 148
1769099702193 0.45776820182800293 149
1769099711596 0.5288273692131042 150
1769099720875 0.4289728105068207 151
1769099729844 0.7466496825218201 152
1769099739578 0.5680817365646362 153
1769099749135 0.49708640575408936 154
1769099758068 0.4315875470638275 155
1769099767042 0.7556027173995972 156
1769099776107 0.48609498143196106 157
1769099785154 0.44527459144592285 158
1769099794296 0.49583184719085693 159
1769099803414 0.49990183115005493 160
1769099812272 0.49950146675109863 161
1769099821183 0.4615453779697418 162
1769099830324 0.6620998978614807 163
1769099839388 0.4948522448539734 164
1769099848198 0.5069323778152466 165
1769099857365 0.4514850378036499 166
1769099866647 0.4740639328956604 167
1769099875947 0.5265095233917236 168
1769099882917 0.5265095233917236 168
