1769098351168 0.9673020243644714 1
1769098361036 0.9807001352310181 2
1769098370836 1.0552163124084473 3
1769098380463 0.9722391366958618 4
1769098390078 1.0785431861877441 5
1769098398886 0.8633277416229248 6
1769098408399 0.9505825042724609 7
1769098417997 1.0537502765655518 8
1769098427083 1.3861265182495117 9
1769098435944 0.865043044090271 10
1769098444943 0.8687530159950256 11
1769098454383 0.942989706993103 12
1769098463676 0.8806320428848267 13
1769098473272 1.044901967048645 14
1769098482991 0.9639345407485962 15
1769098492700 0.9084198474884033 16
1769098502138 0.903578519821167 17
1769098511397 0.8992085456848145 18
1769098520228 1.0898685455322266 19
1769098529166 1.0262197256088257 20
1769098538167 0.8556634783744812 21
1769098547130 0.8769383430480957 22
1769098556433 1.0931850671768188 23
1769098565365 1.127923846244812 24
1769098574316 0.9309588074684143 25
1769098584212 0.8627963066101074 26
1769098593257 1.0325310230255127 27
1769098602378 0.8677718639373779 28
1769098611215 1.0192049741744995 29
1769098620840 0.9403389692306519 30
1769098629764 0.8502713441848755 31
1769098638660 0.8332158923149109 32
1769098648450 0.8978059887886047 33
1769098657314 0.9078818559646606 34
1769098666283 1.0512291193008423 35
1769098675266 0.851058304309845 36
1769098684147 0.8785707950592041 37
1769098693126 0.8842089176177979 38
1769098702198 0.9358053207397461 39
1769098711145 0.9577712416648865 40
1769098720004 0.8480068445205688 41
1769098729529 0.893513023853302 42
1769098739087 1.008741855621338 43
1769098748202 0.890449583530426 44
1769098757155 0.9155232310295105 45
1769098765967 0.8188012838363647 46
1769098774856 0.8493070006370544 47
1769098783693 0.9448451399803162 48
1769098792826 0.8849760293960571 49
1769098801990 0.9040777683258057 50
1769098810993 0.9135037064552307 51
1769098819767 1.1119823455810547 52
1769098828916 0.9286817312240601 53
1769098837898 0.8135048151016235 54
1769098846958 0.913203239440918 55
1769098855864 0.8214132785797119 56
1769098864873 0.9559659957885742 57
1769098873778 0.867328405380249 58
1769098883013 0.8936471939086914 59
1769098891872 0.8680652976036072 60
1769098900837 0.8792710304260254 61
1769098910544 0.8683571815490723 62
1769098920129 0.9249199628829956 63
1769098928953 0.8515238761901855 64
1769098937701 0.840591549873352 65
1769098946715 0.876185417175293 66
1769098955718 0.967553973197937 67
1769098964720 0.8245598077774048 68
1769098974014 0.8504238128662109 69
1769098983045 0.8127312660217285 70
1769098992031 0.8215054273605347 71
1769099001133 0.8350934386253357 72
1769099010426 0.8633513450622559 73
1769099019335 0.8789623975753784 74
1769099028142 0.8988488912582397 75
1769099037027 0.9488332271575928 76
1769099045692 0.8742849826812744 77
1769099054808 0.9122267961502075 78
1769099063667 0.8597683310508728 79
1769099073098 0.9396024942398071 80
1769099082068 0.8948037624359131 81
1769099090979 0.8190079927444458 82
1769099100299 0.9372573494911194 83
1769099109196 0.8670344352722168 84
1769099118027 1.0612021684646606 85
1769099126940 0.8646660447120667 86
1769099135942 0.8030636310577393 87
1769099145181 0.8162232041358948 88
1769099154013 0.9154640436172485 89
1769099163071 0.8384122252464294 90
1769099172469 0.7979369163513184 91
1769099181560 0.7373151779174805 92
1769099190750 0.8151066303253174 93
1769099199703 0.959465503692627 94
1769099208678 0.9265412092208862 95
1769099217844 0.8174001574516296 96
1769099226880 0.8765668272972107 97
1769099235792 0.8686003684997559 98
1769099245048 0.9315524697303772 99
1769099254051 0.8506799340248108 100
1769099263179 0.9907677173614502 101
1769099272110 0.9000478982925415 102
1769099281031 0.8088676929473877 103
1769099290209 0.9179804921150208 104
1769099299083 0.8282123804092407 105
1769099308162 0.9181761741638184 106
1769099317266 0.9038402438163757 107
1769099326067 0.8625129461288452 108
1769099335618 0.7744898200035095 109
1769099345193 0.7984795570373535 110
1769099354313 0.8295886516571045 111
1769099363538 0.8249509334564209 112
1769099372998 0.7536042928695679 113
1769099382167 0.834895133972168 114
1769099391504 0.9084053635597229 115
1769099401299 0.8516358137130737 116
1769099410500 0.8622092008590698 117
1769099420222 0.8829522728919983 118
1769099429231 0.8539198637008667 119
1769099438122 0.8165515065193176 120
1769099447080 0.8074939250946045 121
1769099456366 0.8637240529060364 122
1769099465796 0.9134271740913391 123
1769099474903 0.7738667726516724 124
1769099483673 0.7844462394714355 125
1769099492627 0.8492772579193115 126
1769099501961 0.8520104885101318 127
1769099511565 0.8324756026268005 128
1769099520724 0.7624813318252563 129
1769099529619 0.8361184000968933 130
1769099538519 0.7798705101013184 131
1769099547642 0.8398577570915222 132
1769099556982 0.8025639653205872 133
1769099565863 0.8586956262588501 134
1769099574882 0.8154082298278809 135
1769099583618 0.8612591028213501 136
1769099592626 0.7913435697555542 137
1769099602177 0.8388519287109375 138
1769099611127 0.9602335691452026 139
1769099620247 0.7865278720855713 140
1769099629022 0.8417022228240967 141
1769099638050 0.7735905647277832 142
1769099647334 0.75124192237854 143
1769099656489 0.8431122303009033 144
1769099665646 0.7455185651779175 145
1769099674701 0.8401660323143005 146
1769099683982 0.8206273317337036 147
1769099692920 0.794903576374054 148
1769099702193 0.7518305778503418 149
1769099711596 0.7969735860824585 150
1769099720875 0.8407679200172424 151
1769099729844 0.8347057700157166 152
1769099739578 0.814738392829895 153
1769099749135 0.8448623418807983 154
1769099758068 0.8578948974609375 155
1769099767042 0.7757565379142761 156
1769099776107 0.7915729880332947 157
1769099785154 0.9124653339385986 158
1769099794296 0.8976446986198425 159
1769099803414 0.9390848278999329 160
1769099812272 0.7875281572341919 161
1769099821183 0.8614248037338257 162
1769099830324 0.762344479560852 163
1769099839388 0.778954029083252 164
1769099848198 0.8522953987121582 165
1769099857365 0.8607557415962219 166
1769099866647 0.7861477732658386 167
1769099875947 0.8117241859436035 168
1769099882917 0.8117241859436035 168
