1769083326431 0.120813 1
1769083350358 0.401937 2
1769083374333 0.473521 3
1769083397326 0.447742 4
1769083420872 0.510213 5
1769083443697 0.464129 6
1769083466610 0.506065 7
1769083489517 0.483549 8
1769083512366 0.455056 9
1769083535879 0.533155 10
1769083558715 0.48089 11
1769083582300 0.569652 12
1769083605069 0.565801 13
1769083628638 0.578686 14
1769083651428 0.576738 15
1769083674280 0.572629 16
1769083697678 0.587053 17
1769083720484 0.5805020000000001 18
1769083743355 0.563283 19
1769083766275 0.585832 20
1769083789792 0.591988 21
1769083812704 0.59074 22
1769083835543 0.561071 23
1769083858466 0.587612 24
1769083881345 0.56961 25
1769083904142 0.578619 26
1769083926925 0.583604 27
1769083949788 0.5750770000000001 28
1769083972564 0.531411 29
1769083995933 0.593696 30
1769084019431 0.5992280000000001 31
1769084042306 0.592214 32
1769084065800 0.6077480000000001 33
1769084088615 0.605494 34
1769084111429 0.5922120000000001 35
1769084134359 0.5938760000000001 36
1769084157171 0.58256 37
1769084180031 0.5871580000000001 38
1769084202845 0.6047520000000001 39
1769084225737 0.597 40
1769084248478 0.596687 41
1769084271298 0.6031650000000001 42
1769084294761 0.61189 43
1769084317672 0.606449 44
1769084340502 0.592824 45
1769084363414 0.597969 46
1769084386216 0.599905 47
1769084409168 0.602093 48
1769084431967 0.603052 49
1769084454805 0.6008660000000001 50
1769084478289 0.612315 51
1769084501130 0.609167 52
1769084524014 0.599977 53
1769084546952 0.607449 54
1769084569880 0.6037570000000001 55
1769084592748 0.603593 56
1769084615698 0.603016 57
1769084638563 0.6052150000000001 58
1769084661390 0.603095 59
1769084684463 0.603379 60
1769084707346 0.6016870000000001 61
1769084730143 0.608059 62
1769084752978 0.606483 63
1769084775880 0.592926 64
1769084798668 0.606954 65
1769084821740 0.595619 66
1769084844639 0.600361 67
1769084867495 0.599325 68
1769084890490 0.605584 69
1769084913326 0.6122260000000002 70
1769084936128 0.6093270000000001 71
1769084959022 0.6108779999999999 72
1769084981803 0.605955 73
1769085004673 0.6003339999999999 74
1769085028228 0.6147459999999999 75
1769085051053 0.5987359999999999 76
1769085073796 0.6016849999999999 77
1769085096587 0.598615 78
1769085119526 0.604867 79
1769085142405 0.594029 80
1769085165201 0.5935860000000001 81
1769085188026 0.5917520000000001 82
1769085211023 0.5993620000000001 83
1769085233865 0.586917 84
1769085256641 0.599783 85
1769085279498 0.590239 86
1769085302349 0.599461 87
1769085325208 0.596089 88
1769085348020 0.610087 89
1769085370834 0.6069 90
1769085393549 0.599005 91
1769085416569 0.604119 92
1769085439370 0.6026690000000001 93
1769085462146 0.598545 94
1769085485121 0.5929590000000001 95
1769085508188 0.598439 96
1769085531035 0.605229 97
1769085553842 0.6080089999999999 98
1769085576782 0.586976 99
1769085599707 0.589461 100
1769085622577 0.603009 101
1769085645557 0.5965 102
1769085668437 0.5926600000000001 103
1769085691352 0.59646 104
1769085714162 0.6087560000000001 105
1769085722606 0.6142861261649389 105
