1769083326431 0.11076 1
1769083350358 0.36213 2
1769083374333 0.4297 3
1769083397326 0.4014 4
1769083420872 0.46341 5
1769083443697 0.41631 6
1769083466610 0.45685 7
1769083489517 0.43483 8
1769083512366 0.40509 9
1769083535879 0.48643 10
1769083558715 0.429 11
1769083582300 0.52512 12
1769083605069 0.52026 13
1769083628638 0.53447 14
1769083651428 0.53244 15
1769083674280 0.52825 16
1769083697678 0.54361 17
1769083720484 0.53615 18
1769083743355 0.51684 19
1769083766275 0.54163 20
1769083789792 0.54936 21
1769083812704 0.5474 22
1769083835543 0.51444 23
1769083858466 0.54475 24
1769083881345 0.52409 25
1769083904142 0.53428 26
1769083926925 0.53999 27
1769083949788 0.53012 28
1769083972564 0.48308 29
1769083995933 0.55093 30
1769084019431 0.55726 31
1769084042306 0.54895 32
1769084065800 0.56642 33
1769084088615 0.56373 34
1769084111429 0.54864 35
1769084134359 0.55067 36
1769084157171 0.53819 37
1769084180031 0.54308 38
1769084202845 0.56252 39
1769084225737 0.55386 40
1769084248478 0.55397 41
1769084271298 0.56049 42
1769084294761 0.57057 43
1769084317672 0.56463 44
1769084340502 0.54958 45
1769084363414 0.55563 46
1769084386216 0.55774 47
1769084409168 0.55986 48
1769084431967 0.56062 49
1769084454805 0.55857 50
1769084478289 0.571 51
1769084501130 0.56765 52
1769084524014 0.55716 53
1769084546952 0.56514 54
1769084569880 0.56171 55
1769084592748 0.56149 56
1769084615698 0.56104 57
1769084638563 0.56326 58
1769084661390 0.56159 59
1769084684463 0.56197 60
1769084707346 0.55939 61
1769084730143 0.56601 62
1769084752978 0.56419 63
1769084775880 0.54963 64
1769084798668 0.56496 65
1769084821740 0.55259 66
1769084844639 0.55766 67
1769084867495 0.55667 68
1769084890490 0.56404 69
1769084913326 0.57081 70
1769084936128 0.56816 71
1769084959022 0.57007 72
1769084981803 0.5644 73
1769085004673 0.55787 74
1769085028228 0.57366 75
1769085051053 0.55634 76
1769085073796 0.55926 77
1769085096587 0.5565 78
1769085119526 0.56328 79
1769085142405 0.5515 80
1769085165201 0.55011 81
1769085188026 0.54857 82
1769085211023 0.55745 83
1769085233865 0.54322 84
1769085256641 0.55737 85
1769085279498 0.54748 86
1769085302349 0.55712 87
1769085325208 0.55379 88
1769085348020 0.56908 89
1769085370834 0.56534 90
1769085393549 0.55658 91
1769085416569 0.56256 92
1769085439370 0.56047 93
1769085462146 0.5565 94
1769085485121 0.55034 95
1769085508188 0.5563 96
1769085531035 0.56442 97
1769085553842 0.56675 98
1769085576782 0.54339 99
1769085599707 0.54584 100
1769085622577 0.56121 101
1769085645557 0.55389 102
1769085668437 0.54956 103
1769085691352 0.55376 104
1769085714162 0.56737 105
1769085722606 0.5731530539970321 105
