1769083326431 0.21129 1
1769083350358 0.7602 2
1769083374333 0.86791 3
1769083397326 0.86482 4
1769083420872 0.93144 5
1769083443697 0.8945 6
1769083466610 0.949 7
1769083489517 0.92202 8
1769083512366 0.90475 9
1769083535879 0.95368 10
1769083558715 0.9479 11
1769083582300 0.97044 12
1769083605069 0.97567 13
1769083628638 0.97663 14
1769083651428 0.97542 15
1769083674280 0.97204 16
1769083697678 0.97804 17
1769083720484 0.97967 18
1769083743355 0.98127 19
1769083766275 0.98365 20
1769083789792 0.97564 21
1769083812704 0.9808 22
1769083835543 0.98075 23
1769083858466 0.97337 24
1769083881345 0.97929 25
1769083904142 0.97767 26
1769083926925 0.97613 27
1769083949788 0.97969 28
1769083972564 0.96639 29
1769083995933 0.97859 30
1769084019431 0.97694 31
1769084042306 0.98159 32
1769084065800 0.9797 33
1769084088615 0.98137 34
1769084111429 0.98436 35
1769084134359 0.98273 36
1769084157171 0.98189 37
1769084180031 0.98386 38
1769084202845 0.98484 39
1769084225737 0.98526 40
1769084248478 0.98114 41
1769084271298 0.98724 42
1769084294761 0.98377 43
1769084317672 0.98282 44
1769084340502 0.98202 45
1769084363414 0.97902 46
1769084386216 0.97939 47
1769084409168 0.98219 48
1769084431967 0.98494 49
1769084454805 0.98153 50
1769084478289 0.98415 51
1769084501130 0.98282 52
1769084524014 0.98533 53
1769084546952 0.98823 54
1769084569880 0.98218 55
1769084592748 0.98252 56
1769084615698 0.9808 57
1769084638563 0.98281 58
1769084661390 0.97664 59
1769084684463 0.97606 60
1769084707346 0.98236 61
1769084730143 0.9865 62
1769084752978 0.98712 63
1769084775880 0.98259 64
1769084798668 0.9849 65
1769084821740 0.98288 66
1769084844639 0.98467 67
1769084867495 0.98322 68
1769084890490 0.97948 69
1769084913326 0.98497 70
1769084936128 0.97983 71
1769084959022 0.97815 72
1769084981803 0.97995 73
1769085004673 0.98251 74
1769085028228 0.98452 75
1769085051053 0.9803 76
1769085073796 0.98351 77
1769085096587 0.97765 78
1769085119526 0.97915 79
1769085142405 0.97679 80
1769085165201 0.98487 81
1769085188026 0.98039 82
1769085211023 0.97657 83
1769085233865 0.98019 84
1769085256641 0.9815 85
1769085279498 0.97507 86
1769085302349 0.98053 87
1769085325208 0.97678 88
1769085348020 0.97915 89
1769085370834 0.98094 90
1769085393549 0.98083 91
1769085416569 0.97815 92
1769085439370 0.98246 93
1769085462146 0.97695 94
1769085485121 0.97653 95
1769085508188 0.97769 96
1769085531035 0.97251 97
1769085553842 0.97934 98
1769085576782 0.97925 99
1769085599707 0.98205 100
1769085622577 0.9792 101
1769085645557 0.97999 102
1769085668437 0.98056 103
1769085691352 0.98076 104
1769085714162 0.98123 105
1769085722606 0.9844837756761002 105
