1769094718756 0.07881700000000001 1
1769094733285 0.069051 2
1769094748026 0.275132 3
1769094762767 0.303908 4
1769094777742 0.49929400000000007 5
1769094792215 0.45669299999999996 6
1769094806788 0.476198 7
1769094821483 0.537567 8
1769094836140 0.5259830000000001 9
1769094851109 0.557116 10
1769094865635 0.5476300000000001 11
1769094880349 0.551314 12
1769094895452 0.5672760000000001 13
1769094909863 0.542263 14
1769094925030 0.581626 15
1769094939928 0.585611 16
1769094954614 0.548591 17
1769094969401 0.543381 18
1769094984033 0.479286 19
1769094998651 0.5786720000000001 20
1769095013574 0.590785 21
1769095028062 0.5829610000000001 22
1769095042823 0.565598 23
1769095057580 0.591421 24
1769095072038 0.57455 25
1769095086787 0.585147 26
1769095101696 0.589298 27
1769095116596 0.6059240000000001 28
1769095131025 0.596043 29
1769095145664 0.593466 30
1769095160271 0.5802780000000001 31
1769095174823 0.564364 32
1769095189430 0.5935860000000001 33
1769095203996 0.580836 34
1769095218654 0.593782 35
1769095233371 0.583449 36
1769095248045 0.5833569999999999 37
1769095262683 0.5887020000000001 38
1769095277290 0.592969 39
1769095292122 0.578688 40
1769095306657 0.582392 41
1769095321116 0.577256 42
1769095336042 0.612754 43
1769095350566 0.594569 44
1769095365115 0.6111960000000001 45
1769095379811 0.5792060000000001 46
1769095394464 0.5753240000000001 47
1769095409458 0.6148480000000001 48
1769095423965 0.6037159999999999 49
1769095438757 0.607958 50
1769095453605 0.5989200000000001 51
1769095468166 0.598095 52
1769095482789 0.592445 53
1769095497548 0.6106619999999999 54
1769095512221 0.582883 55
1769095526808 0.606006 56
1769095541548 0.6045320000000001 57
1769095556238 0.606356 58
1769095571051 0.584281 59
1769095585682 0.5890230000000001 60
1769095600346 0.593825 61
1769095615110 0.600496 62
1769095629832 0.6171960000000001 63
1769095644232 0.5978910000000001 64
1769095658721 0.6037180000000001 65
1769095673511 0.6107910000000001 66
1769095688166 0.604361 67
1769095702872 0.598979 68
1769095717826 0.618337 69
1769095732608 0.621119 70
1769095747268 0.618742 71
1769095761958 0.611252 72
1769095776504 0.6020510000000001 73
1769095791210 0.61954 74
1769095805846 0.6166170000000001 75
1769095820528 0.5961270000000001 76
1769095835003 0.611482 77
1769095849764 0.61242 78
1769095864440 0.607962 79
1769095878976 0.603468 80
1769095893731 0.6114109999999999 81
1769095908510 0.596749 82
1769095923157 0.58676 83
1769095937866 0.582692 84
1769095952460 0.5869970000000001 85
1769095967151 0.60579 86
1769095981902 0.608388 87
1769095996556 0.604347 88
1769096011134 0.609472 89
1769096025868 0.612193 90
1769096040718 0.6018220000000001 91
1769096055371 0.609344 92
1769096069932 0.62131 93
1769096084748 0.6147300000000001 94
1769096099443 0.6019430000000001 95
1769096114158 0.6084130000000001 96
1769096128678 0.610284 97
1769096143347 0.6143000000000001 98
1769096158106 0.612766 99
1769096172723 0.609604 100
1769096180254 0.6207294777594031 100
