1769094718756 0.07015 1
1769094733285 0.05944 2
1769094748026 0.24639 3
1769094762767 0.27554 4
1769094777742 0.45523 5
1769094792215 0.40862 6
1769094806788 0.42931 7
1769094821483 0.49175 8
1769094836140 0.47812 9
1769094851109 0.51235 10
1769094865635 0.50256 11
1769094880349 0.5073 12
1769094895452 0.52283 13
1769094909863 0.49598 14
1769094925030 0.53838 15
1769094939928 0.54327 16
1769094954614 0.50295 17
1769094969401 0.49671 18
1769094984033 0.4263 19
1769094998651 0.534 20
1769095013574 0.54706 21
1769095028062 0.53871 22
1769095042823 0.51986 23
1769095057580 0.54828 24
1769095072038 0.53071 25
1769095086787 0.54197 26
1769095101696 0.54538 27
1769095116596 0.5641 28
1769095131025 0.55406 29
1769095145664 0.55032 30
1769095160271 0.5365 31
1769095174823 0.5185 32
1769095189430 0.5515 33
1769095203996 0.53743 34
1769095218654 0.55112 35
1769095233371 0.53995 36
1769095248045 0.53919 37
1769095262683 0.54581 38
1769095277290 0.54979 39
1769095292122 0.53357 40
1769095306657 0.53822 41
1769095321116 0.53186 42
1769095336042 0.57141 43
1769095350566 0.55172 44
1769095365115 0.57016 45
1769095379811 0.5342 46
1769095394464 0.52997 47
1769095409458 0.57367 48
1769095423965 0.5618 49
1769095438757 0.56652 50
1769095453605 0.55615 51
1769095468166 0.55531 52
1769095482789 0.54906 53
1769095497548 0.56914 54
1769095512221 0.53866 55
1769095526808 0.56406 56
1769095541548 0.56291 57
1769095556238 0.56502 58
1769095571051 0.54028 59
1769095585682 0.54532 60
1769095600346 0.55093 61
1769095615110 0.55882 62
1769095629832 0.57684 63
1769095644232 0.55526 64
1769095658721 0.56162 65
1769095673511 0.56961 66
1769095688166 0.56296 67
1769095702872 0.55693 68
1769095717826 0.57804 69
1769095732608 0.5809 70
1769095747268 0.57786 71
1769095761958 0.56998 72
1769095776504 0.55938 73
1769095791210 0.57848 74
1769095805846 0.57602 75
1769095820528 0.55359 76
1769095835003 0.57034 77
1769095849764 0.5713 78
1769095864440 0.56707 79
1769095878976 0.56121 80
1769095893731 0.56999 81
1769095908510 0.55375 82
1769095923157 0.54301 83
1769095937866 0.53842 84
1769095952460 0.54366 85
1769095967151 0.56392 86
1769095981902 0.5668 87
1769095996556 0.5623 88
1769096011134 0.56768 89
1769096025868 0.5713 90
1769096040718 0.55938 91
1769096055371 0.5677 92
1769096069932 0.58087 93
1769096084748 0.57371 94
1769096099443 0.55908 95
1769096114158 0.56641 96
1769096128678 0.56866 97
1769096143347 0.57315 98
1769096158106 0.57112 99
1769096172723 0.56767 100
1769096180254 0.5804853156165126 100
