1769094718756 0.15682 1
1769094733285 0.15555 2
1769094748026 0.53381 3
1769094762767 0.55922 4
1769094777742 0.89587 5
1769094792215 0.88935 6
1769094806788 0.89819 7
1769094821483 0.94992 8
1769094836140 0.95675 9
1769094851109 0.96001 10
1769094865635 0.95326 11
1769094880349 0.94744 12
1769094895452 0.96729 13
1769094909863 0.95881 14
1769094925030 0.97084 15
1769094939928 0.96668 16
1769094954614 0.95936 17
1769094969401 0.96342 18
1769094984033 0.95616 19
1769094998651 0.98072 20
1769095013574 0.98431 21
1769095028062 0.98122 22
1769095042823 0.97724 23
1769095057580 0.97969 24
1769095072038 0.96911 25
1769095086787 0.97374 26
1769095101696 0.98456 27
1769095116596 0.98234 28
1769095131025 0.97389 29
1769095145664 0.98178 30
1769095160271 0.97428 31
1769095174823 0.97714 32
1769095189430 0.97236 33
1769095203996 0.97149 34
1769095218654 0.97774 35
1769095233371 0.97494 36
1769095248045 0.98086 37
1769095262683 0.97473 38
1769095277290 0.98158 39
1769095292122 0.98475 40
1769095306657 0.97994 41
1769095321116 0.98582 42
1769095336042 0.98485 43
1769095350566 0.98021 44
1769095365115 0.98052 45
1769095379811 0.98426 46
1769095394464 0.98351 47
1769095409458 0.98545 48
1769095423965 0.98096 49
1769095438757 0.9809 50
1769095453605 0.98385 51
1769095468166 0.98316 52
1769095482789 0.98291 53
1769095497548 0.98436 54
1769095512221 0.98089 55
1769095526808 0.98352 56
1769095541548 0.97913 57
1769095556238 0.97838 58
1769095571051 0.98029 59
1769095585682 0.98235 60
1769095600346 0.97988 61
1769095615110 0.97558 62
1769095629832 0.9804 63
1769095644232 0.98157 64
1769095658721 0.9826 65
1769095673511 0.98142 66
1769095688166 0.97697 67
1769095702872 0.97742 68
1769095717826 0.98101 69
1769095732608 0.98309 70
1769095747268 0.98668 71
1769095761958 0.9827 72
1769095776504 0.98609 73
1769095791210 0.98908 74
1769095805846 0.98199 75
1769095820528 0.97896 76
1769095835003 0.98176 77
1769095849764 0.9825 78
1769095864440 0.97599 79
1769095878976 0.98379 80
1769095893731 0.9842 81
1769095908510 0.98374 82
1769095923157 0.98051 83
1769095937866 0.98114 84
1769095952460 0.97703 85
1769095967151 0.98262 86
1769095981902 0.98268 87
1769095996556 0.98277 88
1769096011134 0.9856 89
1769096025868 0.98023 90
1769096040718 0.9838 91
1769096055371 0.98414 92
1769096069932 0.98527 93
1769096084748 0.98391 94
1769096099443 0.98771 95
1769096114158 0.98644 96
1769096128678 0.9849 97
1769096143347 0.98465 98
1769096158106 0.98758 99
1769096172723 0.98701 100
1769096180254 0.9829269370454176 100
