1769068749992 3.494962692260742 1
1769068758406 3.005173683166504 2
1769068766488 2.666741371154785 3
1769068775008 3.381807327270508 4
1769068783250 3.1535873413085938 5
1769068791691 2.9718334674835205 6
1769068800186 2.4797544479370117 7
1769068808154 2.1759912967681885 8
1769068818656 2.9508299827575684 9
1769068826884 2.2207398414611816 10
1769068835570 2.250377893447876 11
1769068843745 1.6251673698425293 12
1769068852294 2.3034257888793945 13
1769068860704 2.1712558269500732 14
1769068868949 2.8419716358184814 15
1769068877852 2.2273669242858887 16
1769068885880 2.0332040786743164 17
1769068893958 2.1121702194213867 18
1769068902554 2.151090383529663 19
1769068910682 2.575153350830078 20
1769068918972 2.0498125553131104 21
1769068927079 1.9413833618164062 22
1769068935954 1.9283779859542847 23
1769068944473 2.095644950866699 24
1769068952431 2.286264181137085 25
1769068960872 2.8198177814483643 26
1769068969017 1.7052205801010132 27
1769068977096 1.830661416053772 28
1769068985651 1.9721534252166748 29
1769068993414 1.8672114610671997 30
1769069001450 1.9836394786834717 31
1769069009289 1.7436391115188599 32
1769069017882 2.158310890197754 33
1769069025792 1.6776188611984253 34
1769069034152 2.1953792572021484 35
1769069042085 2.14928936958313 36
1769069050872 1.9984184503555298 37
1769069058593 1.6998770236968994 38
1769069066859 1.6779295206069946 39
1769069074948 1.7622547149658203 40
1769069083237 2.6021006107330322 41
1769069091381 1.5360816717147827 42
1769069099354 1.6612921953201294 43
1769069107381 2.595353126525879 44
1769069115880 1.9224505424499512 45
1769069124309 1.6105561256408691 46
1769069132310 1.4602503776550293 47
1769069140692 1.5273956060409546 48
1769069148654 1.4941115379333496 49
1769069157041 2.1756370067596436 50
1769069165302 1.778559923171997 51
1769069173185 1.877841830253601 52
1769069181141 1.695502758026123 53
1769069189753 2.015507936477661 54
1769069197841 1.59780752658844 55
1769069206105 1.8809928894042969 56
1769069214659 2.220839262008667 57
1769069222777 1.7772963047027588 58
1769069230790 1.5080347061157227 59
1769069239168 1.868251085281372 60
1769069247185 1.9257601499557495 61
1769069255175 1.5428173542022705 62
1769069263210 1.5554271936416626 63
1769069271697 1.6611882448196411 64
1769069279642 1.8504828214645386 65
1769069287580 1.6019214391708374 66
1769069296350 1.5842641592025757 67
1769069304142 1.6386091709136963 68
1769069312679 1.877754807472229 69
1769069321026 1.5919950008392334 70
1769069328891 1.3415008783340454 71
1769069337115 1.6526637077331543 72
1769069345354 2.082551956176758 73
1769069353300 1.9782203435897827 74
1769069361454 1.7261379957199097 75
1769069370141 1.4512932300567627 76
1769069378680 1.8959380388259888 77
1769069386577 1.7366924285888672 78
1769069394063 1.6097508668899536 79
1769069402685 1.4698609113693237 80
1769069410745 1.5528630018234253 81
1769069419282 1.9158142805099487 82
1769069427841 1.5534110069274902 83
1769069435964 1.9173349142074585 84
1769069444377 1.6472560167312622 85
1769069452805 1.4058102369308472 86
1769069460748 1.918929934501648 87
1769069469033 2.7335338592529297 88
1769069476786 1.7868375778198242 89
1769069485249 1.7126641273498535 90
1769069493495 1.4282763004302979 91
1769069501907 1.5390053987503052 92
1769069509660 1.6545168161392212 93
1769069517667 1.957800030708313 94
1769069525870 1.5394829511642456 95
1769069533894 1.28973388671875 96
1769069542338 1.4148300886154175 97
1769069550356 1.2520123720169067 98
1769069558759 1.3279647827148438 99
1769069567145 1.7251925468444824 100
1769069575545 1.8605057001113892 101
1769069583573 1.5124425888061523 102
1769069591302 1.6612749099731445 103
1769069599687 1.451662540435791 104
1769069607855 1.6305631399154663 105
1769069616643 1.5289357900619507 106
1769069625225 1.4613368511199951 107
1769069633779 1.5547239780426025 108
1769069641428 1.4159371852874756 109
1769069649285 1.6037079095840454 110
1769069657718 1.5839213132858276 111
1769069666579 1.7521843910217285 112
1769069674623 1.6544737815856934 113
1769069683260 1.175107717514038 114
1769069691073 1.4511170387268066 115
1769069699456 1.9266772270202637 116
1769069707544 1.6181532144546509 117
1769069716504 1.4485671520233154 118
1769069724368 1.3570605516433716 119
1769069732669 1.4960359334945679 120
1769069740671 1.5001503229141235 121
1769069748576 1.6753827333450317 122
1769069756989 1.6284102201461792 123
1769069764989 1.3833696842193604 124
1769069773193 1.6900053024291992 125
1769069780996 1.2288719415664673 126
1769069788895 1.3992313146591187 127
1769069797351 1.6649582386016846 128
1769069805882 1.4736675024032593 129
1769069813773 1.136078119277954 130
1769069821692 1.8924368619918823 131
1769069829667 1.2970889806747437 132
1769069838152 1.7600911855697632 133
1769069845941 1.7105610370635986 134
1769069854258 1.7309448719024658 135
1769069862015 1.2706928253173828 136
1769069870231 1.7365137338638306 137
1769069878245 1.1837215423583984 138
1769069886177 1.5228813886642456 139
1769069894641 1.4563636779785156 140
1769069903268 1.1718336343765259 141
1769069911459 1.847763180732727 142
1769069919550 1.023007869720459 143
1769069927902 1.191759705543518 144
1769069935906 1.4983131885528564 145
1769069944090 1.4511277675628662 146
1769069952416 1.1610592603683472 147
1769069960590 1.3411797285079956 148
1769069968964 1.3549184799194336 149
1769069976797 1.4829736948013306 150
1769069985047 1.5629385709762573 151
1769069992974 1.3533945083618164 152
1769070000841 1.618377447128296 153
1769070009149 1.5318498611450195 154
1769070017149 1.1458698511123657 155
1769070025257 2.2975783348083496 156
1769070032893 1.2616881132125854 157
1769070041544 1.303871989250183 158
1769070049179 1.2968413829803467 159
1769070057798 1.2813719511032104 160
1769070065486 1.2315770387649536 161
1769070073887 1.49736750125885 162
1769070082149 1.2478584051132202 163
1769070089981 1.4903053045272827 164
1769070098191 1.4452128410339355 165
1769070106343 1.521932601928711 166
1769070114246 1.518316626548767 167
1769070122598 1.1943941116333008 168
1769070130258 1.5388036966323853 169
1769070138641 1.364311933517456 170
1769070146452 1.4506906270980835 171
1769070154770 1.4703795909881592 172
1769070162478 1.5066488981246948 173
1769070170941 1.0773199796676636 174
1769070178879 1.3938895463943481 175
1769070187465 1.2890535593032837 176
1769070195683 1.4510798454284668 177
1769070203386 1.2179841995239258 178
1769070211764 1.1286203861236572 179
1769070220307 1.2312413454055786 180
1769070228274 1.244340419769287 181
1769070234341 1.244340419769287 181
