1769068749992 7.355598449707031 1
1769068758406 4.155827045440674 2
1769068766488 3.948770523071289 3
1769068775008 3.3433544635772705 4
1769068783250 4.319065570831299 5
1769068791691 2.767284870147705 6
1769068800186 2.2251381874084473 7
1769068808154 2.7737174034118652 8
1769068818656 3.6176655292510986 9
1769068826884 1.9342957735061646 10
1769068835570 2.277451515197754 11
1769068843745 1.3924952745437622 12
1769068852294 1.940200924873352 13
1769068860704 1.6555352210998535 14
1769068868949 1.9724665880203247 15
1769068877852 1.6361867189407349 16
1769068885880 1.3630701303482056 17
1769068893958 1.6918331384658813 18
1769068902554 1.5224775075912476 19
1769068910682 1.8049452304840088 20
1769068918972 1.46766197681427 21
1769068927079 1.2396337985992432 22
1769068935954 1.4044477939605713 23
1769068944473 1.1019960641860962 24
1769068952431 1.5713577270507812 25
1769068960872 1.9781652688980103 26
1769068969017 1.0999118089675903 27
1769068977096 1.344069004058838 28
1769068985651 1.2854747772216797 29
1769068993414 1.0512559413909912 30
1769069001450 1.4478187561035156 31
1769069009289 1.1118590831756592 32
1769069017882 1.721675992012024 33
1769069025792 1.3461427688598633 34
1769069034152 1.103194236755371 35
1769069042085 1.4341379404067993 36
1769069050872 1.1758965253829956 37
1769069058593 1.1296449899673462 38
1769069066859 0.8639985918998718 39
1769069074948 1.0458444356918335 40
1769069083237 1.5435947179794312 41
1769069091381 1.1002885103225708 42
1769069099354 0.9018552303314209 43
1769069107381 1.4642457962036133 44
1769069115880 0.9763715267181396 45
1769069124309 1.1058095693588257 46
1769069132310 0.878200113773346 47
1769069140692 0.9564502239227295 48
1769069148654 0.9361861348152161 49
1769069157041 1.0903699398040771 50
1769069165302 1.0566902160644531 51
1769069173185 1.8070356845855713 52
1769069181141 0.9205849766731262 53
1769069189753 1.5318032503128052 54
1769069197841 1.0977258682250977 55
1769069206105 1.1402819156646729 56
1769069214659 1.1107165813446045 57
1769069222777 0.9144140481948853 58
1769069230790 0.867999792098999 59
1769069239168 0.879289448261261 60
1769069247185 0.9126372337341309 61
1769069255175 0.7695114612579346 62
1769069263210 0.8015256524085999 63
1769069271697 0.8381163477897644 64
1769069279642 1.014289379119873 65
1769069287580 0.8579012155532837 66
1769069296350 1.0918983221054077 67
1769069304142 0.8651602268218994 68
1769069312679 0.9484347701072693 69
1769069321026 0.9889141917228699 70
1769069328891 0.756989061832428 71
1769069337115 0.8203789591789246 72
1769069345354 1.188726544380188 73
1769069353300 1.0265140533447266 74
1769069361454 0.8387385010719299 75
1769069370141 0.7778410911560059 76
1769069378680 0.9268200397491455 77
1769069386577 1.0828702449798584 78
1769069394063 0.8510157465934753 79
1769069402685 0.7946509122848511 80
1769069410745 0.7972626686096191 81
1769069419282 1.0503287315368652 82
1769069427841 0.8167213201522827 83
1769069435964 1.1503245830535889 84
1769069444377 0.767963707447052 85
1769069452805 0.7213815450668335 86
1769069460748 1.0192735195159912 87
1769069469033 1.7090294361114502 88
1769069476786 0.8847160339355469 89
1769069485249 0.9860994219779968 90
1769069493495 0.8202041983604431 91
1769069501907 0.8405675888061523 92
1769069509660 0.8263822793960571 93
1769069517667 0.9102315306663513 94
1769069525870 0.744837760925293 95
1769069533894 0.8059876561164856 96
1769069542338 0.8995392322540283 97
1769069550356 0.6164360642433167 98
1769069558759 0.727690577507019 99
1769069567145 0.843991219997406 100
1769069575545 0.85617595911026 101
1769069583573 0.7010875940322876 102
1769069591302 0.9627071022987366 103
1769069599687 0.8665339350700378 104
1769069607855 0.8821307420730591 105
1769069616643 0.7863774299621582 106
1769069625225 0.8107980489730835 107
1769069633779 0.7556499242782593 108
1769069641428 0.7414677143096924 109
1769069649285 0.8679225444793701 110
1769069657718 0.836894154548645 111
1769069666579 1.0354310274124146 112
1769069674623 0.850464940071106 113
1769069683260 0.7122898101806641 114
1769069691073 0.8992934823036194 115
1769069699456 1.3133563995361328 116
1769069707544 0.957406222820282 117
1769069716504 0.8236621618270874 118
1769069724368 0.7490711212158203 119
1769069732669 0.8479328751564026 120
1769069740671 0.7516113519668579 121
1769069748576 0.8342500925064087 122
1769069756989 0.8045331239700317 123
1769069764989 0.689713716506958 124
1769069773193 1.011942982673645 125
1769069780996 0.8221533894538879 126
1769069788895 0.7034996151924133 127
1769069797351 0.9293745756149292 128
1769069805882 0.7139599919319153 129
1769069813773 0.7588807344436646 130
1769069821692 0.9201453924179077 131
1769069829667 0.7078171968460083 132
1769069838152 1.0243891477584839 133
1769069845941 1.083420753479004 134
1769069854258 0.9072291254997253 135
1769069862015 0.6631743311882019 136
1769069870231 1.0444718599319458 137
1769069878245 0.666971743106842 138
1769069886177 0.8376277089118958 139
1769069894641 0.7582932114601135 140
1769069903268 0.5883762836456299 141
1769069911459 0.8209953308105469 142
1769069919550 0.5703946352005005 143
1769069927902 0.7969415783882141 144
1769069935906 0.7198507189750671 145
1769069944090 0.7799344062805176 146
1769069952416 0.54661625623703 147
1769069960590 0.7222935557365417 148
1769069968964 0.7798524498939514 149
1769069976797 0.7651708126068115 150
1769069985047 0.7788727283477783 151
1769069992974 0.8815585374832153 152
1769070000841 0.9052056074142456 153
1769070009149 0.7849933505058289 154
1769070017149 0.5996289849281311 155
1769070025257 1.4796957969665527 156
1769070032893 0.7473433017730713 157
1769070041544 0.7033618688583374 158
1769070049179 0.7521783113479614 159
1769070057798 0.5980203747749329 160
1769070065486 0.7236591577529907 161
1769070073887 0.7345165014266968 162
1769070082149 0.7705617547035217 163
1769070089981 0.8314116597175598 164
1769070098191 0.7065401673316956 165
1769070106343 0.6950265765190125 166
1769070114246 0.8213363289833069 167
1769070122598 0.703098714351654 168
1769070130258 0.7233170866966248 169
1769070138641 0.6774274706840515 170
1769070146452 0.5816856622695923 171
1769070154770 0.920960009098053 172
1769070162478 0.8832110166549683 173
1769070170941 0.5240554213523865 174
1769070178879 0.7805662155151367 175
1769070187465 0.5784249305725098 176
1769070195683 0.6499698758125305 177
1769070203386 0.5970260500907898 178
1769070211764 0.589841365814209 179
1769070220307 0.7424748539924622 180
1769070228274 0.7214566469192505 181
1769070234341 0.7214566469192505 181
