1769068749992 1.0209441184997559 1
1769068758406 1.0765445232391357 2
1769068766488 1.2794785499572754 3
1769068775008 1.053776502609253 4
1769068783250 1.3916840553283691 5
1769068791691 1.02554452419281 6
1769068800186 1.0349700450897217 7
1769068808154 1.1016751527786255 8
1769068818656 1.5719666481018066 9
1769068826884 0.9327390789985657 10
1769068835570 0.9723418951034546 11
1769068843745 0.9097689986228943 12
1769068852294 0.9207987785339355 13
1769068860704 1.1704574823379517 14
1769068868949 1.0757184028625488 15
1769068877852 0.9708908200263977 16
1769068885880 1.0692282915115356 17
1769068893958 0.990730881690979 18
1769068902554 1.1461138725280762 19
1769068910682 1.1566309928894043 20
1769068918972 0.9118591547012329 21
1769068927079 0.9616309404373169 22
1769068935954 1.1247329711914062 23
1769068944473 1.1349188089370728 24
1769068952431 1.0380088090896606 25
1769068960872 0.9407937526702881 26
1769068969017 1.0173627138137817 27
1769068977096 0.9194066524505615 28
1769068985651 1.0829349756240845 29
1769068993414 0.9867040514945984 30
1769069001450 0.9484390020370483 31
1769069009289 0.8778145909309387 32
1769069017882 0.8715450167655945 33
1769069025792 0.8837057948112488 34
1769069034152 1.1450998783111572 35
1769069042085 0.9070810079574585 36
1769069050872 0.8933041095733643 37
1769069058593 0.8800747394561768 38
1769069066859 0.9457122087478638 39
1769069074948 0.9399489164352417 40
1769069083237 0.9314056634902954 41
1769069091381 0.8986883163452148 42
1769069099354 0.9665708541870117 43
1769069107381 0.9252824783325195 44
1769069115880 0.9463154077529907 45
1769069124309 0.8257167935371399 46
1769069132310 0.8770639300346375 47
1769069140692 0.957612156867981 48
1769069148654 0.9532250761985779 49
1769069157041 0.9970573782920837 50
1769069165302 0.9343560934066772 51
1769069173185 0.9857543706893921 52
1769069181141 0.8678399920463562 53
1769069189753 0.8850136995315552 54
1769069197841 0.9325213432312012 55
1769069206105 0.8783116936683655 56
1769069214659 1.0139940977096558 57
1769069222777 0.8732219338417053 58
1769069230790 0.9281860589981079 59
1769069239168 0.902868390083313 60
1769069247185 0.9214233756065369 61
1769069255175 0.9117887020111084 62
1769069263210 1.0315109491348267 63
1769069271697 0.8857649564743042 64
1769069279642 0.9085972309112549 65
1769069287580 0.9157462120056152 66
1769069296350 1.0136085748672485 67
1769069304142 0.8577495217323303 68
1769069312679 0.8975076675415039 69
1769069321026 0.8326104283332825 70
1769069328891 0.8851640224456787 71
1769069337115 0.845657467842102 72
1769069345354 0.949622631072998 73
1769069353300 0.9250897169113159 74
1769069361454 0.9854307174682617 75
1769069370141 0.9408844113349915 76
1769069378680 0.886061429977417 77
1769069386577 0.9290602207183838 78
1769069394063 0.9386106729507446 79
1769069402685 0.9173870086669922 80
1769069410745 0.87673020362854 81
1769069419282 0.9083499312400818 82
1769069427841 0.9493441581726074 83
1769069435964 0.8642578125 84
1769069444377 1.043443202972412 85
1769069452805 0.9258400201797485 86
1769069460748 0.8372266888618469 87
1769069469033 0.8632212281227112 88
1769069476786 1.0217368602752686 89
1769069485249 0.8727792501449585 90
1769069493495 0.8556456565856934 91
1769069501907 0.7679160833358765 92
1769069509660 0.8354548215866089 93
1769069517667 1.0100125074386597 94
1769069525870 0.9472242593765259 95
1769069533894 0.822140097618103 96
1769069542338 0.9132362008094788 97
1769069550356 0.8891990184783936 98
1769069558759 0.9242597222328186 99
1769069567145 0.8950052261352539 100
1769069575545 1.0756853818893433 101
1769069583573 0.9219927191734314 102
1769069591302 0.8373876810073853 103
1769069599687 0.9728202223777771 104
1769069607855 0.8525506258010864 105
1769069616643 0.9655458927154541 106
1769069625225 0.973150372505188 107
1769069633779 0.9443995356559753 108
1769069641428 0.8216158151626587 109
1769069649285 0.8319246768951416 110
1769069657718 0.8639271855354309 111
1769069666579 0.8331944942474365 112
1769069674623 0.8002058267593384 113
1769069683260 0.8701252341270447 114
1769069691073 0.9109907150268555 115
1769069699456 0.8508687615394592 116
1769069707544 0.897519588470459 117
1769069716504 0.8808140158653259 118
1769069724368 0.8634050488471985 119
1769069732669 0.851434588432312 120
1769069740671 0.8433692455291748 121
1769069748576 0.9556314945220947 122
1769069756989 1.0022423267364502 123
1769069764989 0.8355650901794434 124
1769069773193 0.813034176826477 125
1769069780996 0.8750773668289185 126
1769069788895 0.8405841588973999 127
1769069797351 0.85740727186203 128
1769069805882 0.8106095790863037 129
1769069813773 0.8605931997299194 130
1769069821692 0.8155121803283691 131
1769069829667 0.8670459985733032 132
1769069838152 0.8214853405952454 133
1769069845941 0.8967195153236389 134
1769069854258 0.8570753931999207 135
1769069862015 0.8519731760025024 136
1769069870231 0.8776198625564575 137
1769069878245 0.8702542781829834 138
1769069886177 1.0092642307281494 139
1769069894641 0.8241142630577087 140
1769069903268 0.8551395535469055 141
1769069911459 0.8210791349411011 142
1769069919550 0.7746503353118896 143
1769069927902 0.8857090473175049 144
1769069935906 0.7918908596038818 145
1769069944090 0.8633966445922852 146
1769069952416 0.8253148198127747 147
1769069960590 0.8230143785476685 148
1769069968964 0.797990083694458 149
1769069976797 0.8222668170928955 150
1769069985047 0.89622563123703 151
1769069992974 0.8426954746246338 152
1769070000841 0.8557337522506714 153
1769070009149 0.8819899559020996 154
1769070017149 0.8564924001693726 155
1769070025257 0.8340065479278564 156
1769070032893 0.8231720924377441 157
1769070041544 0.8942533135414124 158
1769070049179 0.8877121210098267 159
1769070057798 0.9214795231819153 160
1769070065486 0.8169000148773193 161
1769070073887 0.907711923122406 162
1769070082149 0.7979519963264465 163
1769070089981 0.8236843347549438 164
1769070098191 0.8412407040596008 165
1769070106343 0.8305572271347046 166
1769070114246 0.8403664827346802 167
1769070122598 0.8693006038665771 168
1769070130258 0.7934383749961853 169
1769070138641 0.8228164911270142 170
1769070146452 0.8879894018173218 171
1769070154770 0.8591973781585693 172
1769070162478 0.8357809782028198 173
1769070170941 0.9048961400985718 174
1769070178879 0.871877908706665 175
1769070187465 0.82528156042099 176
1769070195683 0.8236759901046753 177
1769070203386 0.844849705696106 178
1769070211764 0.906387984752655 179
1769070220307 0.8210708498954773 180
1769070228274 0.8993171453475952 181
1769070234341 0.8993171453475952 181
