1769075733914 0.001096 1
1769075742938 0.011132 2
1769075750952 0.132243 3
1769075759136 0.19604 4
1769075767743 0.26482300000000003 5
1769075775808 0.309223 6
1769075784298 0.367452 7
1769075792069 0.394285 8
1769075800378 0.41398300000000005 9
1769075808517 0.41704600000000003 10
1769075816767 0.41768099999999997 11
1769075824786 0.41128000000000003 12
1769075833382 0.472241 13
1769075841602 0.486501 14
1769075849843 0.483464 15
1769075858158 0.480107 16
1769075867058 0.488974 17
1769075875158 0.49399400000000004 18
1769075883347 0.49736800000000003 19
1769075891628 0.50766 20
1769075899505 0.493096 21
1769075907685 0.49388600000000005 22
1769075916089 0.44853 23
1769075924541 0.435627 24
1769075932788 0.463057 25
1769075941484 0.510329 26
1769075950188 0.513606 27
1769075958178 0.519509 28
1769075966147 0.519863 29
1769075974332 0.5128780000000001 30
1769075982670 0.462781 31
1769075990861 0.496285 32
1769075999020 0.513056 33
1769076007542 0.528159 34
1769076015575 0.525569 35
1769076023926 0.5138699999999999 36
1769076032345 0.433273 37
1769076040849 0.468224 38
1769076048897 0.516071 39
1769076057062 0.512715 40
1769076065124 0.525835 41
1769076073698 0.5410790000000001 42
1769076081700 0.5215339999999999 43
1769076089835 0.52451 44
1769076098148 0.530777 45
1769076106301 0.49767400000000006 46
1769076114862 0.5004580000000001 47
1769076123444 0.5260830000000001 48
1769076131459 0.508013 49
1769076140339 0.542814 50
1769076148333 0.5093110000000001 51
1769076156448 0.49772099999999997 52
1769076164583 0.536413 53
1769076173353 0.542204 54
1769076181380 0.537979 55
1769076189542 0.530946 56
1769076197986 0.518598 57
1769076206171 0.509391 58
1769076214992 0.498703 59
1769076222902 0.499056 60
1769076231375 0.547404 61
1769076239582 0.533902 62
1769076247685 0.534643 63
1769076255999 0.515183 64
1769076264123 0.5447420000000001 65
1769076272966 0.563131 66
1769076280950 0.553145 67
1769076289125 0.550244 68
1769076297654 0.54262 69
1769076305738 0.558825 70
1769076314182 0.549427 71
1769076322484 0.550567 72
1769076330668 0.53173 73
1769076339006 0.538511 74
1769076347341 0.541896 75
1769076355480 0.5218309999999999 76
1769076363627 0.519646 77
1769076371925 0.538582 78
1769076380704 0.532342 79
1769076388798 0.545919 80
1769076397148 0.5282640000000001 81
1769076405722 0.520785 82
1769076413848 0.509736 83
1769076422292 0.53164 84
1769076430472 0.533425 85
1769076438746 0.5362220000000001 86
1769076446776 0.533253 87
1769076455061 0.537792 88
1769076463385 0.509095 89
1769076472123 0.5251950000000001 90
1769076480266 0.549493 91
1769076488543 0.552072 92
1769076496449 0.553177 93
1769076505141 0.5498970000000001 94
1769076513257 0.522327 95
1769076521570 0.5326150000000001 96
1769076527994 0.5639395060415637 96
