1769075733914 0.00205 1
1769075742938 0.04058 2
1769075750952 0.33279 3
1769075759136 0.41348 4
1769075767743 0.58786 5
1769075775808 0.6544 6
1769075784298 0.74673 7
1769075792069 0.79015 8
1769075800378 0.81559 9
1769075808517 0.84478 10
1769075816767 0.83043 11
1769075824786 0.85561 12
1769075833382 0.87527 13
1769075841602 0.90096 14
1769075849843 0.89129 15
1769075858158 0.88688 16
1769075867058 0.89932 17
1769075875158 0.9056 18
1769075883347 0.90334 19
1769075891628 0.91995 20
1769075899505 0.91426 21
1769075907685 0.90956 22
1769075916089 0.8952 23
1769075924541 0.86409 24
1769075932788 0.90304 25
1769075941484 0.92378 26
1769075950188 0.91695 27
1769075958178 0.92531 28
1769075966147 0.93677 29
1769075974332 0.92785 30
1769075982670 0.90298 31
1769075990861 0.91348 32
1769075999020 0.91649 33
1769076007542 0.93522 34
1769076015575 0.93893 35
1769076023926 0.93606 36
1769076032345 0.87214 37
1769076040849 0.9053 38
1769076048897 0.938 39
1769076057062 0.94116 40
1769076065124 0.94267 41
1769076073698 0.95354 42
1769076081700 0.93629 43
1769076089835 0.9305 44
1769076098148 0.93989 45
1769076106301 0.92863 46
1769076114862 0.93001 47
1769076123444 0.9231 48
1769076131459 0.9359 49
1769076140339 0.94866 50
1769076148333 0.93439 51
1769076156448 0.93738 52
1769076164583 0.94423 53
1769076173353 0.94103 54
1769076181380 0.94027 55
1769076189542 0.93744 56
1769076197986 0.93114 57
1769076206171 0.93447 58
1769076214992 0.93766 59
1769076222902 0.93021 60
1769076231375 0.94857 61
1769076239582 0.9364 62
1769076247685 0.93868 63
1769076255999 0.92876 64
1769076264123 0.94481 65
1769076272966 0.95986 66
1769076280950 0.96197 67
1769076289125 0.95807 68
1769076297654 0.95608 69
1769076305738 0.95838 70
1769076314182 0.94702 71
1769076322484 0.95545 72
1769076330668 0.94609 73
1769076339006 0.94586 74
1769076347341 0.94857 75
1769076355480 0.94115 76
1769076363627 0.93667 77
1769076371925 0.95719 78
1769076380704 0.95086 79
1769076388798 0.95622 80
1769076397148 0.94833 81
1769076405722 0.9468 82
1769076413848 0.94269 83
1769076422292 0.95284 84
1769076430472 0.94072 85
1769076438746 0.9524 86
1769076446776 0.94629 87
1769076455061 0.95919 88
1769076463385 0.95383 89
1769076472123 0.94725 90
1769076480266 0.95524 91
1769076488543 0.95817 92
1769076496449 0.95356 93
1769076505141 0.95289 94
1769076513257 0.94764 95
1769076521570 0.95512 96
1769076527994 0.959821894082569 96
