1769075733914 0.00099 1
1769075742938 0.00786 2
1769075750952 0.10996 3
1769075759136 0.17188 4
1769075767743 0.22893 5
1769075775808 0.27087 6
1769075784298 0.32531 7
1769075792069 0.3503 8
1769075800378 0.36936 9
1769075808517 0.36952 10
1769075816767 0.37182 11
1769075824786 0.36191 12
1769075833382 0.42746 13
1769075841602 0.44045 14
1769075849843 0.43815 15
1769075858158 0.43491 16
1769075867058 0.44338 17
1769075875158 0.44826 18
1769075883347 0.45226 19
1769075891628 0.46185 20
1769075899505 0.4463 21
1769075907685 0.4477 22
1769075916089 0.3989 23
1769075924541 0.38802 24
1769075932788 0.41417 25
1769075941484 0.46439 26
1769075950188 0.46879 27
1769075958178 0.47442 28
1769075966147 0.47354 29
1769075974332 0.46677 30
1769075982670 0.41387 31
1769075990861 0.44993 32
1769075999020 0.46823 33
1769076007542 0.48293 34
1769076015575 0.47964 35
1769076023926 0.46696 36
1769076032345 0.38451 37
1769076040849 0.41966 38
1769076048897 0.46919 39
1769076057062 0.46511 40
1769076065124 0.47952 41
1769076073698 0.49525 42
1769076081700 0.47545 43
1769076089835 0.4794 44
1769076098148 0.48532 45
1769076106301 0.44979 46
1769076114862 0.45273 47
1769076123444 0.48197 48
1769076131459 0.46047 49
1769076140339 0.49772 50
1769076148333 0.46208 51
1769076156448 0.44887 52
1769076164583 0.4911 53
1769076173353 0.49789 54
1769076181380 0.49328 55
1769076189542 0.48578 56
1769076197986 0.47276 57
1769076206171 0.46216 58
1769076214992 0.44993 59
1769076222902 0.45115 60
1769076231375 0.50283 61
1769076239582 0.48918 62
1769076247685 0.48975 63
1769076255999 0.46923 64
1769076264123 0.50029 65
1769076272966 0.51905 66
1769076280950 0.50772 67
1769076289125 0.50493 68
1769076297654 0.49668 69
1769076305738 0.51443 70
1769076314182 0.50525 71
1769076322484 0.50558 72
1769076330668 0.48569 73
1769076339006 0.49325 74
1769076347341 0.49671 75
1769076355480 0.47524 76
1769076363627 0.47331 77
1769076371925 0.49207 78
1769076380704 0.48584 79
1769076388798 0.50033 80
1769076397148 0.48159 81
1769076405722 0.47345 82
1769076413848 0.46163 83
1769076422292 0.48484 84
1769076430472 0.48817 85
1769076438746 0.48998 86
1769076446776 0.48736 87
1769076455061 0.49097 88
1769076463385 0.45968 89
1769076472123 0.4783 90
1769076480266 0.50441 91
1769076488543 0.50695 92
1769076496449 0.50869 93
1769076505141 0.50512 94
1769076513257 0.47507 95
1769076521570 0.48567 96
1769076527994 0.5199525740370076 96
