1769071295956 0.0 1
1769071308879 0.067377 2
1769071322499 0.142737 3
1769071335167 0.239105 4
1769071347698 0.22590900000000003 5
1769071360155 0.300993 6
1769071373664 0.447652 7
1769071388054 0.461328 8
1769071400876 0.471822 9
1769071416373 0.499676 10
1769071429950 0.51537 11
1769071443949 0.50804 12
1769071457171 0.531002 13
1769071470201 0.47201000000000004 14
1769071484552 0.507282 15
1769071496567 0.551099 16
1769071509741 0.564389 17
1769071524248 0.5532520000000001 18
1769071537080 0.558627 19
1769071549795 0.564828 20
1769071562093 0.573377 21
1769071575995 0.5619040000000001 22
1769071590548 0.5615720000000001 23
1769071605397 0.5699120000000001 24
1769071618441 0.5754659999999999 25
1769071631286 0.5653410000000001 26
1769071644290 0.562588 27
1769071659064 0.5634779999999999 28
1769071672779 0.541024 29
1769071686585 0.559132 30
1769071699458 0.564267 31
1769071712966 0.5654859999999999 32
1769071726997 0.5762970000000001 33
1769071739660 0.576214 34
1769071752360 0.578382 35
1769071766953 0.555564 36
1769071780760 0.570171 37
1769071796267 0.576093 38
1769071808759 0.577865 39
1769071821849 0.5794860000000001 40
1769071835374 0.554675 41
1769071849568 0.5826100000000001 42
1769071862146 0.583269 43
1769071874563 0.573547 44
1769071889496 0.5897220000000001 45
1769071902556 0.595624 46
1769071915453 0.575613 47
1769071928749 0.587926 48
1769071941790 0.567861 49
1769071956550 0.5772630000000001 50
1769071969788 0.5833520000000001 51
1769071983562 0.571764 52
1769071997550 0.574321 53
1769072010761 0.591782 54
1769072024444 0.593639 55
1769072037741 0.58345 56
1769072049382 0.577283 57
1769072062575 0.582667 58
1769072077375 0.564422 59
1769072090271 0.544745 60
1769072104889 0.5843740000000001 61
1769072117683 0.590092 62
1769072132041 0.5954840000000001 63
1769072145648 0.5841480000000001 64
1769072160698 0.5938420000000001 65
1769072173456 0.58623 66
1769072185982 0.5757260000000001 67
1769072200451 0.585867 68
1769072213688 0.578033 69
1769072227368 0.5699230000000001 70
1769072240003 0.586687 71
1769072252887 0.591043 72
1769072266703 0.586578 73
1769072281341 0.5984590000000001 74
1769072294093 0.592736 75
1769072306697 0.594064 76
1769072321771 0.582787 77
1769072335759 0.58967 78
1769072348444 0.5791570000000001 79
1769072362857 0.594315 80
1769072375541 0.5923590000000001 81
1769072387592 0.581646 82
1769072401463 0.586346 83
1769072414470 0.586441 84
1769072428351 0.576596 85
1769072442673 0.588954 86
1769072456257 0.5855859999999999 87
1769072469914 0.584561 88
1769072484487 0.5868800000000001 89
1769072497082 0.594069 90
1769072511855 0.593346 91
1769072523970 0.590106 92
1769072538281 0.59277 93
1769072550845 0.5946990000000001 94
1769072562400 0.602728 95
1769072576160 0.5850170000000001 96
1769072590162 0.575279 97
1769072602944 0.589361 98
1769072617390 0.59864 99
1769072631084 0.593963 100
1769072645247 0.589094 101
1769072658641 0.573192 102
1769072672781 0.593045 103
1769072687203 0.599965 104
1769072700479 0.600789 105
1769072713383 0.595874 106
1769072726970 0.594625 107
1769072739680 0.600383 108
1769072753071 0.605693 109
1769072767255 0.5966800000000001 110
1769072780273 0.601316 111
1769072793041 0.598349 112
1769072807263 0.5992240000000001 113
1769072821446 0.595308 114
1769072834762 0.591163 115
1769072847989 0.60002 116
1769072861772 0.5981240000000001 117
1769072875350 0.5976 118
1769072887565 0.592435 119
1769072903481 0.5989990000000001 120
1769072916266 0.6025 121
1769072930347 0.605178 122
1769072943700 0.597121 123
1769072955986 0.597083 124
1769072969089 0.6045990000000001 125
1769072982783 0.597578 126
1769072996045 0.587717 127
1769073011341 0.5794320000000001 128
1769073024581 0.5908570000000001 129
1769073037183 0.60071 130
1769073049151 0.6000640000000002 131
1769073063461 0.604487 132
1769073076584 0.605727 133
1769073091962 0.596948 134
1769073104301 0.6006180000000001 135
1769073118861 0.598749 136
1769073132566 0.598539 137
1769073147159 0.597919 138
1769073159672 0.597663 139
1769073172684 0.590238 140
1769073186071 0.5951080000000001 141
1769073200085 0.605251 142
1769073212891 0.5990170000000001 143
1769073225744 0.6001509999999999 144
1769073240302 0.6002120000000001 145
1769073252688 0.5952160000000001 146
1769073267389 0.596745 147
1769073281561 0.6016140000000001 148
1769073295145 0.607905 149
1769073308374 0.6048720000000001 150
1769073322454 0.598543 151
1769073334777 0.599384 152
1769073350677 0.595214 153
1769073363341 0.5984630000000001 154
1769073376152 0.5950679999999999 155
1769073388651 0.597529 156
1769073402186 0.5982910000000001 157
1769073415285 0.599864 158
1769073430290 0.6008270000000001 159
1769073443578 0.6015429999999999 160
1769073456244 0.604268 161
1769073468582 0.5997610000000001 162
1769073483444 0.603589 163
1769073497642 0.603718 164
1769073512758 0.6015419999999999 165
1769073524767 0.598535 166
1769073539146 0.5981920000000001 167
1769073551245 0.600279 168
1769073564771 0.602584 169
1769073577075 0.605708 170
1769073590176 0.603516 171
1769073603853 0.603003 172
1769073618195 0.6036649999999999 173
1769073631451 0.601904 174
1769073646104 0.602773 175
1769073659447 0.601151 176
1769073672972 0.598615 177
1769073686193 0.600293 178
1769073700547 0.599944 179
1769073711202 0.6083099312957231 179
