1769071295956 0.0 1
1769071308879 0.12729 2
1769071322499 0.28383 3
1769071335167 0.42941 4
1769071347698 0.45432 5
1769071360155 0.57507 6
1769071373664 0.78175 7
1769071388054 0.82338 8
1769071400876 0.85497 9
1769071416373 0.89195 10
1769071429950 0.91506 11
1769071443949 0.90476 12
1769071457171 0.91874 13
1769071470201 0.90257 14
1769071484552 0.89718 15
1769071496567 0.93665 16
1769071509741 0.9521 17
1769071524248 0.94603 18
1769071537080 0.94785 19
1769071549795 0.96126 20
1769071562093 0.96125 21
1769071575995 0.95371 22
1769071590548 0.94652 23
1769071605397 0.95486 24
1769071618441 0.96324 25
1769071631286 0.96009 26
1769071644290 0.95461 27
1769071659064 0.94569 28
1769071672779 0.9475 29
1769071686585 0.95821 30
1769071699458 0.96213 31
1769071712966 0.95308 32
1769071726997 0.96246 33
1769071739660 0.96703 34
1769071752360 0.9645 35
1769071766953 0.96996 36
1769071780760 0.96987 37
1769071796267 0.97365 38
1769071808759 0.96968 39
1769071821849 0.97284 40
1769071835374 0.94793 41
1769071849568 0.97105 42
1769071862146 0.96999 43
1769071874563 0.95854 44
1769071889496 0.96981 45
1769071902556 0.97564 46
1769071915453 0.97668 47
1769071928749 0.96688 48
1769071941790 0.97287 49
1769071956550 0.96987 50
1769071969788 0.97343 51
1769071983562 0.97005 52
1769071997550 0.97645 53
1769072010761 0.98069 54
1769072024444 0.96947 55
1769072037741 0.97387 56
1769072049382 0.97502 57
1769072062575 0.9745 58
1769072077375 0.97097 59
1769072090271 0.96671 60
1769072104889 0.97933 61
1769072117683 0.96415 62
1769072132041 0.96731 63
1769072145648 0.96087 64
1769072160698 0.97789 65
1769072173456 0.97944 66
1769072185982 0.97169 67
1769072200451 0.97779 68
1769072213688 0.97505 69
1769072227368 0.9655 70
1769072240003 0.97447 71
1769072252887 0.96961 72
1769072266703 0.97005 73
1769072281341 0.97483 74
1769072294093 0.97529 75
1769072306697 0.9721 76
1769072321771 0.97417 77
1769072335759 0.97145 78
1769072348444 0.97837 79
1769072362857 0.96849 80
1769072375541 0.97755 81
1769072387592 0.9777 82
1769072401463 0.98024 83
1769072414470 0.97669 84
1769072428351 0.97166 85
1769072442673 0.97392 86
1769072456257 0.96913 87
1769072469914 0.97274 88
1769072484487 0.97622 89
1769072497082 0.97647 90
1769072511855 0.97104 91
1769072523970 0.97905 92
1769072538281 0.9804 93
1769072550845 0.97656 94
1769072562400 0.9763 95
1769072576160 0.9737 96
1769072590162 0.9737 97
1769072602944 0.98276 98
1769072617390 0.98132 99
1769072631084 0.98072 100
1769072645247 0.97712 101
1769072658641 0.97308 102
1769072672781 0.9755 103
1769072687203 0.97711 104
1769072700479 0.97572 105
1769072713383 0.96995 106
1769072726970 0.97177 107
1769072739680 0.97418 108
1769072753071 0.97832 109
1769072767255 0.97576 110
1769072780273 0.97748 111
1769072793041 0.98057 112
1769072807263 0.97897 113
1769072821446 0.98229 114
1769072834762 0.98233 115
1769072847989 0.97712 116
1769072861772 0.9812 117
1769072875350 0.97902 118
1769072887565 0.97579 119
1769072903481 0.97636 120
1769072916266 0.98302 121
1769072930347 0.98379 122
1769072943700 0.98107 123
1769072955986 0.97871 124
1769072969089 0.98088 125
1769072982783 0.97151 126
1769072996045 0.9728 127
1769073011341 0.97563 128
1769073024581 0.97981 129
1769073037183 0.9788 130
1769073049151 0.97729 131
1769073063461 0.97841 132
1769073076584 0.97722 133
1769073091962 0.97646 134
1769073104301 0.97581 135
1769073118861 0.97674 136
1769073132566 0.97608 137
1769073147159 0.97645 138
1769073159672 0.97389 139
1769073172684 0.97434 140
1769073186071 0.97759 141
1769073200085 0.97642 142
1769073212891 0.97447 143
1769073225744 0.9769 144
1769073240302 0.97805 145
1769073252688 0.97732 146
1769073267389 0.97938 147
1769073281561 0.98199 148
1769073295145 0.98136 149
1769073308374 0.97929 150
1769073322454 0.97585 151
1769073334777 0.97778 152
1769073350677 0.97712 153
1769073363341 0.97712 154
1769073376152 0.97944 155
1769073388651 0.97804 156
1769073402186 0.97936 157
1769073415285 0.98042 158
1769073430290 0.97898 159
1769073443578 0.97876 160
1769073456244 0.97622 161
1769073468582 0.97597 162
1769073483444 0.97789 163
1769073497642 0.98008 164
1769073512758 0.97965 165
1769073524767 0.97595 166
1769073539146 0.97738 167
1769073551245 0.97908 168
1769073564771 0.97981 169
1769073577075 0.97946 170
1769073590176 0.97869 171
1769073603853 0.97833 172
1769073618195 0.97802 173
1769073631451 0.97715 174
1769073646104 0.97666 175
1769073659447 0.97637 176
1769073672972 0.9763 177
1769073686193 0.97652 178
1769073700547 0.97717 179
1769073711202 0.9810109821161593 179
