1769071295956 0.0 1
1769071308879 0.06072 2
1769071322499 0.12706 3
1769071335167 0.21796 4
1769071347698 0.20053 5
1769071360155 0.27054 6
1769071373664 0.41053 7
1769071388054 0.4211 8
1769071400876 0.42925 9
1769071416373 0.45609 10
1769071429950 0.47096 11
1769071443949 0.46396 12
1769071457171 0.48792 13
1769071470201 0.42417 14
1769071484552 0.46396 15
1769071496567 0.50826 16
1769071509741 0.52131 17
1769071524248 0.50961 18
1769071537080 0.51538 19
1769071549795 0.52078 20
1769071562093 0.53028 21
1769071575995 0.51837 22
1769071590548 0.5188 23
1769071605397 0.52714 24
1769071618441 0.53238 25
1769071631286 0.52148 26
1769071644290 0.51903 27
1769071659064 0.52101 28
1769071672779 0.49586 29
1769071686585 0.51479 30
1769071699458 0.52006 31
1769071712966 0.52242 32
1769071726997 0.53339 33
1769071739660 0.53279 34
1769071752360 0.53548 35
1769071766953 0.50952 36
1769071780760 0.52576 37
1769071796267 0.53192 38
1769071808759 0.53433 39
1769071821849 0.53578 40
1769071835374 0.51098 41
1769071849568 0.53945 42
1769071862146 0.5403 43
1769071874563 0.53077 44
1769071889496 0.54749 45
1769071902556 0.5534 46
1769071915453 0.53105 47
1769071928749 0.54582 48
1769071941790 0.52286 49
1769071956550 0.53364 50
1769071969788 0.54001 51
1769071983562 0.52751 52
1769071997550 0.52964 53
1769072010761 0.54857 54
1769072024444 0.55188 55
1769072037741 0.54007 56
1769072049382 0.53309 57
1769072062575 0.53913 58
1769072077375 0.51925 59
1769072090271 0.49786 60
1769072104889 0.54049 61
1769072117683 0.54853 62
1769072132041 0.55417 63
1769072145648 0.54229 64
1769072160698 0.55117 65
1769072173456 0.54254 66
1769072185982 0.53173 67
1769072200451 0.54232 68
1769072213688 0.53392 69
1769072227368 0.52597 70
1769072240003 0.5436 71
1769072252887 0.54898 72
1769072266703 0.54397 73
1769072281341 0.55664 74
1769072294093 0.55023 75
1769072306697 0.55206 76
1769072321771 0.5393 77
1769072335759 0.54725 78
1769072348444 0.5348 79
1769072362857 0.55274 80
1769072375541 0.54956 81
1769072387592 0.53764 82
1769072401463 0.54258 83
1769072414470 0.54308 84
1769072428351 0.5327 85
1769072442673 0.54618 86
1769072456257 0.54297 87
1769072469914 0.54143 88
1769072484487 0.54362 89
1769072497082 0.55158 90
1769072511855 0.55138 91
1769072523970 0.54689 92
1769072538281 0.5497 93
1769072550845 0.55227 94
1769072562400 0.56122 95
1769072576160 0.54183 96
1769072590162 0.53101 97
1769072602944 0.54565 98
1769072617390 0.55612 99
1769072631084 0.55099 100
1769072645247 0.54598 101
1769072658641 0.52876 102
1769072672781 0.55055 103
1769072687203 0.55806 104
1769072700479 0.55913 105
1769072713383 0.55431 106
1769072726970 0.55272 107
1769072739680 0.55885 108
1769072753071 0.56429 109
1769072767255 0.55456 110
1769072780273 0.55952 111
1769072793041 0.55588 112
1769072807263 0.55703 113
1769072821446 0.55231 114
1769072834762 0.5477 115
1769072847989 0.55812 116
1769072861772 0.55556 117
1769072875350 0.55522 118
1769072887565 0.54984 119
1769072903481 0.55707 120
1769072916266 0.56022 121
1769072930347 0.56311 122
1769072943700 0.55446 123
1769072955986 0.55468 124
1769072969089 0.56279 125
1769072982783 0.55603 126
1769072996045 0.54493 127
1769073011341 0.53541 128
1769073024581 0.54764 129
1769073037183 0.5587 130
1769073049151 0.55815 131
1769073063461 0.56294 132
1769073076584 0.56445 133
1769073091962 0.55478 134
1769073104301 0.55893 135
1769073118861 0.55675 136
1769073132566 0.55659 137
1769073147159 0.55586 138
1769073159672 0.55586 139
1769073172684 0.54756 140
1769073186071 0.55261 141
1769073200085 0.56401 142
1769073212891 0.5573 143
1769073225744 0.55829 144
1769073240302 0.55823 145
1769073252688 0.55276 146
1769073267389 0.55423 147
1769073281561 0.55935 148
1769073295145 0.56641 149
1769073308374 0.56327 150
1769073322454 0.55662 151
1769073334777 0.55734 152
1769073350677 0.55278 153
1769073363341 0.55639 154
1769073376152 0.55236 155
1769073388651 0.55525 156
1769073402186 0.55595 157
1769073415285 0.55758 158
1769073430290 0.55881 159
1769073443578 0.55963 160
1769073456244 0.56294 161
1769073468582 0.55796 162
1769073483444 0.562 163
1769073497642 0.5619 164
1769073512758 0.55953 165
1769073524767 0.5566 166
1769073539146 0.55606 167
1769073551245 0.55819 168
1769073564771 0.56067 169
1769073577075 0.56418 170
1769073590176 0.56183 171
1769073603853 0.5613 172
1769073618195 0.56207 173
1769073631451 0.56021 174
1769073646104 0.56123 175
1769073659447 0.55946 176
1769073672972 0.55665 177
1769073686193 0.55849 178
1769073700547 0.55803 179
1769073711202 0.5668987034267857 179
