1769075733914 2.5633633136749268 1
1769075742938 2.8968236446380615 2
1769075750952 2.18782114982605 3
1769075759136 2.686184883117676 4
1769075767743 2.3379995822906494 5
1769075775808 2.2717912197113037 6
1769075784298 1.9502475261688232 7
1769075792069 2.242840528488159 8
1769075800378 2.9554731845855713 9
1769075808517 2.086933135986328 10
1769075816767 2.0790841579437256 11
1769075824786 1.5770353078842163 12
1769075833382 1.9973008632659912 13
1769075841602 1.8797763586044312 14
1769075849843 2.218181610107422 15
1769075858158 1.9518752098083496 16
1769075867058 1.6076716184616089 17
1769075875158 1.7131175994873047 18
1769075883347 1.734183430671692 19
1769075891628 2.405989646911621 20
1769075899505 1.6240161657333374 21
1769075907685 1.833621621131897 22
1769075916089 1.6803293228149414 23
1769075924541 1.996073842048645 24
1769075932788 1.5704683065414429 25
1769075941484 2.2941489219665527 26
1769075950188 1.4017478227615356 27
1769075958178 1.551028847694397 28
1769075966147 1.829953670501709 29
1769075974332 1.443318247795105 30
1769075982670 1.744637370109558 31
1769075990861 1.850002408027649 32
1769075999020 1.8788225650787354 33
1769076007542 1.7844507694244385 34
1769076015575 1.6653395891189575 35
1769076023926 1.9701223373413086 36
1769076032345 1.794716715812683 37
1769076040849 1.6430394649505615 38
1769076048897 1.701965570449829 39
1769076057062 1.6187459230422974 40
1769076065124 2.34248948097229 41
1769076073698 1.3637757301330566 42
1769076081700 1.712555170059204 43
1769076089835 2.0846829414367676 44
1769076098148 1.6113897562026978 45
1769076106301 1.6664314270019531 46
1769076114862 1.3017703294754028 47
1769076123444 1.3467590808868408 48
1769076131459 1.49498450756073 49
1769076140339 1.7475520372390747 50
1769076148333 1.7007535696029663 51
1769076156448 1.9541553258895874 52
1769076164583 1.7895629405975342 53
1769076173353 1.8175532817840576 54
1769076181380 1.1436434984207153 55
1769076189542 1.657336711883545 56
1769076197986 1.6767572164535522 57
1769076206171 1.544461727142334 58
1769076214992 1.5033925771713257 59
1769076222902 1.732433795928955 60
1769076231375 1.8578038215637207 61
1769076239582 1.2424260377883911 62
1769076247685 1.2784250974655151 63
1769076255999 1.578838586807251 64
1769076264123 1.5009634494781494 65
1769076272966 1.4881112575531006 66
1769076280950 1.2745096683502197 67
1769076289125 1.5190975666046143 68
1769076297654 1.4576689004898071 69
1769076305738 1.3399674892425537 70
1769076314182 1.1619484424591064 71
1769076322484 1.4755226373672485 72
1769076330668 1.5371698141098022 73
1769076339006 1.7532285451889038 74
1769076347341 1.3527675867080688 75
1769076355480 1.4533342123031616 76
1769076363627 1.4133566617965698 77
1769076371925 1.2613637447357178 78
1769076380704 1.1778831481933594 79
1769076388798 1.3293592929840088 80
1769076397148 1.490423321723938 81
1769076405722 1.5380557775497437 82
1769076413848 1.313184142112732 83
1769076422292 1.7709884643554688 84
1769076430472 1.5156676769256592 85
1769076438746 1.0491423606872559 86
1769076446776 1.7091386318206787 87
1769076455061 2.496640205383301 88
1769076463385 1.4737080335617065 89
1769076472123 1.5166293382644653 90
1769076480266 1.2760854959487915 91
1769076488543 1.4024982452392578 92
1769076496449 1.3256210088729858 93
1769076505141 1.5340545177459717 94
1769076513257 1.326019287109375 95
1769076521570 1.3046802282333374 96
1769076527994 1.3046802282333374 96
