1769075733914 7.127083778381348 1
1769075742938 3.436009168624878 2
1769075750952 2.1982851028442383 3
1769075759136 2.6019208431243896 4
1769075767743 2.9512786865234375 5
1769075775808 1.513339638710022 6
1769075784298 0.9499411582946777 7
1769075792069 1.5652841329574585 8
1769075800378 2.4950835704803467 9
1769075808517 1.2005800008773804 10
1769075816767 1.2949748039245605 11
1769075824786 1.047074556350708 12
1769075833382 1.2343088388442993 13
1769075841602 1.0469835996627808 14
1769075849843 1.496887445449829 15
1769075858158 1.1120073795318604 16
1769075867058 0.8291091918945312 17
1769075875158 1.2560780048370361 18
1769075883347 0.8945847749710083 19
1769075891628 1.3828353881835938 20
1769075899505 1.0095834732055664 21
1769075907685 0.9612912535667419 22
1769075916089 0.9190801978111267 23
1769075924541 0.8913565278053284 24
1769075932788 0.9187986254692078 25
1769075941484 1.289178490638733 26
1769075950188 0.7613339424133301 27
1769075958178 0.9364933371543884 28
1769075966147 0.9090017676353455 29
1769075974332 0.7628429532051086 30
1769075982670 1.0795416831970215 31
1769075990861 0.8245503902435303 32
1769075999020 0.98760586977005 33
1769076007542 0.9597723484039307 34
1769076015575 0.782699704170227 35
1769076023926 1.1497738361358643 36
1769076032345 0.9795531630516052 37
1769076040849 0.8006533980369568 38
1769076048897 0.6963465213775635 39
1769076057062 0.8526298999786377 40
1769076065124 1.1800482273101807 41
1769076073698 0.8196755051612854 42
1769076081700 0.8108713626861572 43
1769076089835 1.0531834363937378 44
1769076098148 0.800579309463501 45
1769076106301 0.7910235524177551 46
1769076114862 0.5922647714614868 47
1769076123444 0.7032982707023621 48
1769076131459 0.6975880265235901 49
1769076140339 0.8492366671562195 50
1769076148333 0.7616773843765259 51
1769076156448 1.1777865886688232 52
1769076164583 0.929348886013031 53
1769076173353 1.0436335802078247 54
1769076181380 0.6958243250846863 55
1769076189542 0.941615104675293 56
1769076197986 0.7186836004257202 57
1769076206171 0.5954561829566956 58
1769076214992 0.7171618342399597 59
1769076222902 0.7008710503578186 60
1769076231375 0.6669096946716309 61
1769076239582 0.557666540145874 62
1769076247685 0.6137781739234924 63
1769076255999 0.7127788066864014 64
1769076264123 0.697290301322937 65
1769076272966 0.6980152726173401 66
1769076280950 0.596327543258667 67
1769076289125 0.7017839550971985 68
1769076297654 0.6242770552635193 69
1769076305738 0.692583441734314 70
1769076314182 0.5933272838592529 71
1769076322484 0.6535952091217041 72
1769076330668 0.8512282371520996 73
1769076339006 0.7382169365882874 74
1769076347341 0.5842242240905762 75
1769076355480 0.7251561880111694 76
1769076363627 0.6155672669410706 77
1769076371925 0.6864261031150818 78
1769076380704 0.5569958686828613 79
1769076388798 0.6937471032142639 80
1769076397148 0.5792622566223145 81
1769076405722 0.6640044450759888 82
1769076413848 0.61655193567276 83
1769076422292 0.7880595922470093 84
1769076430472 0.6896569132804871 85
1769076438746 0.5382970571517944 86
1769076446776 0.8729890584945679 87
1769076455061 1.2739161252975464 88
1769076463385 0.624453067779541 89
1769076472123 0.8420361876487732 90
1769076480266 0.6421829462051392 91
1769076488543 0.6579360365867615 92
1769076496449 0.6217398643493652 93
1769076505141 0.7287680506706238 94
1769076513257 0.5911583304405212 95
1769076521570 0.590441882610321 96
1769076527994 0.590441882610321 96
