1769075733914 0.9822484254837036 1
1769075742938 1.056572675704956 2
1769075750952 1.1732661724090576 3
1769075759136 0.9591169953346252 4
1769075767743 1.1001909971237183 5
1769075775808 0.9079798460006714 6
1769075784298 0.9672278165817261 7
1769075792069 1.0498864650726318 8
1769075800378 1.6362385749816895 9
1769075808517 0.885249674320221 10
1769075816767 0.9029307961463928 11
1769075824786 0.8951323628425598 12
1769075833382 0.8802163600921631 13
1769075841602 1.1141865253448486 14
1769075849843 0.9620381593704224 15
1769075858158 0.9191381931304932 16
1769075867058 0.9254893064498901 17
1769075875158 0.9109131097793579 18
1769075883347 1.0388166904449463 19
1769075891628 1.0502231121063232 20
1769075899505 0.8740397691726685 21
1769075907685 0.884838342666626 22
1769075916089 1.0473501682281494 23
1769075924541 1.085292100906372 24
1769075932788 0.9186717867851257 25
1769075941484 0.8795160055160522 26
1769075950188 0.9597530364990234 27
1769075958178 0.8557285070419312 28
1769075966147 1.0432195663452148 29
1769075974332 0.9100097417831421 30
1769075982670 0.9027653932571411 31
1769075990861 0.8739676475524902 32
1769075999020 0.8669306039810181 33
1769076007542 0.888045608997345 34
1769076015575 0.9737287759780884 35
1769076023926 0.874893307685852 36
1769076032345 0.9045765399932861 37
1769076040849 0.8833478689193726 38
1769076048897 0.9608865976333618 39
1769076057062 0.9418473243713379 40
1769076065124 0.887313961982727 41
1769076073698 0.8586450815200806 42
1769076081700 0.981825590133667 43
1769076089835 0.8997893333435059 44
1769076098148 0.8932663202285767 45
1769076106301 0.8374491930007935 46
1769076114862 0.8711273074150085 47
1769076123444 0.9278270602226257 48
1769076131459 0.9734281301498413 49
1769076140339 0.9119471311569214 50
1769076148333 0.9394193887710571 51
1769076156448 1.0058658123016357 52
1769076164583 0.8715205192565918 53
1769076173353 0.843154788017273 54
1769076181380 0.865698516368866 55
1769076189542 0.8358681201934814 56
1769076197986 0.945890486240387 57
1769076206171 0.8553667068481445 58
1769076214992 0.8977936506271362 59
1769076222902 0.9028860926628113 60
1769076231375 0.9140505790710449 61
1769076239582 0.869640588760376 62
1769076247685 0.9474188089370728 63
1769076255999 0.8760591745376587 64
1769076264123 0.9118177890777588 65
1769076272966 0.8964151740074158 66
1769076280950 0.9740021228790283 67
1769076289125 0.8425343036651611 68
1769076297654 0.8455851078033447 69
1769076305738 0.8135353326797485 70
1769076314182 0.8168215751647949 71
1769076322484 0.8192712664604187 72
1769076330668 0.866172194480896 73
1769076339006 0.907788872718811 74
1769076347341 0.8975480794906616 75
1769076355480 0.9389022588729858 76
1769076363627 0.8276087045669556 77
1769076371925 0.9009585380554199 78
1769076380704 0.811392068862915 79
1769076388798 0.9201971292495728 80
1769076397148 0.8676971197128296 81
1769076405722 0.8327237963676453 82
1769076413848 0.9021546840667725 83
1769076422292 0.8903398513793945 84
1769076430472 1.0358538627624512 85
1769076438746 0.8609227538108826 86
1769076446776 0.8132913708686829 87
1769076455061 0.8234275579452515 88
1769076463385 0.934517502784729 89
1769076472123 0.85149747133255 90
1769076480266 0.8389507532119751 91
1769076488543 0.7449678778648376 92
1769076496449 0.8081084489822388 93
1769076505141 0.9449797868728638 94
1769076513257 0.9054118394851685 95
1769076521570 0.8205331563949585 96
1769076527994 0.8205331563949585 96
