1769091036186 0.0 1
1769091053401 0.0 2
1769091070969 0.16524799999999998 3
1769091088508 0.256245 4
1769091106154 0.38589700000000005 5
1769091123358 0.398708 6
1769091141574 0.469402 7
1769091158855 0.508988 8
1769091176367 0.502456 9
1769091193869 0.539704 10
1769091211580 0.513641 11
1769091229410 0.541239 12
1769091246901 0.573802 13
1769091265278 0.56443 14
1769091282384 0.560793 15
1769091300069 0.572498 16
1769091317844 0.570631 17
1769091335691 0.574992 18
1769091352767 0.523958 19
1769091371155 0.59709 20
1769091388678 0.597181 21
1769091405953 0.566165 22
1769091423557 0.554002 23
1769091441078 0.579531 24
1769091458798 0.572252 25
1769091476171 0.587175 26
1769091494382 0.58535 27
1769091511870 0.592593 28
1769091529195 0.588502 29
1769091546551 0.595569 30
1769091564086 0.580299 31
1769091581611 0.571926 32
1769091598681 0.555002 33
1769091616777 0.58886 34
1769091634262 0.5829580000000001 35
1769091652156 0.576064 36
1769091669378 0.5678300000000001 37
1769091686997 0.5898070000000001 38
1769091704273 0.59324 39
1769091721682 0.597515 40
1769091739792 0.5774159999999999 41
1769091756993 0.5667760000000001 42
1769091774587 0.607006 43
1769091792250 0.6014 44
1769091809550 0.611116 45
1769091826987 0.600157 46
1769091844681 0.5999220000000001 47
1769091862101 0.6000820000000001 48
1769091879701 0.5987549999999999 49
1769091896577 0.605332 50
1769091914899 0.59509 51
1769091932402 0.610158 52
1769091950191 0.5856520000000001 53
1769091968042 0.6131679999999999 54
1769091985597 0.600438 55
1769092003341 0.5890930000000001 56
1769092020550 0.598528 57
1769092038586 0.573244 58
1769092056254 0.580301 59
1769092073762 0.581775 60
1769092091641 0.5979500000000001 61
1769092108951 0.599058 62
1769092126186 0.595736 63
1769092143781 0.5963590000000001 64
1769092161199 0.599243 65
1769092178998 0.5916239999999999 66
1769092196502 0.57985 67
1769092213641 0.594955 68
1769092231498 0.5913980000000001 69
1769092249501 0.5950040000000001 70
1769092267174 0.593858 71
1769092285041 0.59133 72
1769092302345 0.602634 73
1769092319651 0.5902430000000001 74
1769092337868 0.5999300000000001 75
1769092355141 0.6003360000000001 76
1769092372458 0.5951259999999999 77
1769092389964 0.60475 78
1769092407052 0.5981489999999999 79
1769092425161 0.6006940000000001 80
1769092443526 0.607719 81
1769092460177 0.590981 82
1769092478098 0.580363 83
1769092495579 0.5881829999999999 84
1769092505776 0.6125812765006655 84
