1769091036186 0.0 1
1769091053401 0.0 2
1769091070969 0.28106 3
1769091088508 0.51189 4
1769091106154 0.70168 5
1769091123358 0.72899 6
1769091141574 0.83761 7
1769091158855 0.88733 8
1769091176367 0.92101 9
1769091193869 0.94519 10
1769091211580 0.93575 11
1769091229410 0.93894 12
1769091246901 0.95884 13
1769091265278 0.95224 14
1769091282384 0.96456 15
1769091300069 0.95615 16
1769091317844 0.96907 17
1769091335691 0.96642 18
1769091352767 0.95342 19
1769091371155 0.9714 20
1769091388678 0.97555 21
1769091405953 0.96239 22
1769091423557 0.96748 23
1769091441078 0.96699 24
1769091458798 0.97358 25
1769091476171 0.97575 26
1769091494382 0.97532 27
1769091511870 0.9762 28
1769091529195 0.97435 29
1769091546551 0.97437 30
1769091564086 0.9708 31
1769091581611 0.97077 32
1769091598681 0.96875 33
1769091616777 0.98072 34
1769091634262 0.98452 35
1769091652156 0.97201 36
1769091669378 0.96626 37
1769091686997 0.9757 38
1769091704273 0.97871 39
1769091721682 0.98141 40
1769091739792 0.98139 41
1769091756993 0.97507 42
1769091774587 0.98083 43
1769091792250 0.97886 44
1769091809550 0.98467 45
1769091826987 0.98128 46
1769091844681 0.97893 47
1769091862101 0.97639 48
1769091879701 0.97752 49
1769091896577 0.97669 50
1769091914899 0.98146 51
1769091932402 0.98418 52
1769091950191 0.98059 53
1769091968042 0.98611 54
1769091985597 0.97896 55
1769092003341 0.97891 56
1769092020550 0.98443 57
1769092038586 0.97531 58
1769092056254 0.97118 59
1769092073762 0.97674 60
1769092091641 0.9818 61
1769092108951 0.97326 62
1769092126186 0.97991 63
1769092143781 0.98353 64
1769092161199 0.98132 65
1769092178998 0.97704 66
1769092196502 0.97414 67
1769092213641 0.97219 68
1769092231498 0.98036 69
1769092249501 0.97871 70
1769092267174 0.97967 71
1769092285041 0.98364 72
1769092302345 0.98661 73
1769092319651 0.98114 74
1769092337868 0.98117 75
1769092355141 0.9738 76
1769092372458 0.97849 77
1769092389964 0.985 78
1769092407052 0.9828 79
1769092425161 0.97972 80
1769092443526 0.98283 81
1769092460177 0.98123 82
1769092478098 0.9817 83
1769092495579 0.97818 84
1769092505776 0.986203316520272 84
