1769091036186 0.0 1
1769091053401 0.0 2
1769091070969 0.15238 3
1769091088508 0.22784 4
1769091106154 0.35081 5
1769091123358 0.36201 6
1769091141574 0.42849 7
1769091158855 0.46695 8
1769091176367 0.45595 9
1769091193869 0.49465 10
1769091211580 0.46674 11
1769091229410 0.49705 12
1769091246901 0.53102 13
1769091265278 0.52134 14
1769091282384 0.51593 15
1769091300069 0.52987 16
1769091317844 0.52636 17
1769091335691 0.5315 18
1769091352767 0.47624 19
1769091371155 0.5555 20
1769091388678 0.55514 21
1769091405953 0.52214 22
1769091423557 0.50806 23
1769091441078 0.53648 24
1769091458798 0.52766 25
1769091476171 0.544 26
1769091494382 0.54202 27
1769091511870 0.54997 28
1769091529195 0.54563 29
1769091546551 0.55348 30
1769091564086 0.53691 31
1769091581611 0.52761 32
1769091598681 0.50903 33
1769091616777 0.54532 34
1769091634262 0.53834 35
1769091652156 0.53207 36
1769091669378 0.52356 37
1769091686997 0.54693 38
1769091704273 0.55041 39
1769091721682 0.55486 40
1769091739792 0.53253 41
1769091756993 0.52141 42
1769091774587 0.56547 43
1769091792250 0.55946 44
1769091809550 0.56961 45
1769091826987 0.55781 46
1769091844681 0.55781 47
1769091862101 0.55827 48
1769091879701 0.55667 49
1769091896577 0.56407 50
1769091914899 0.55216 51
1769091932402 0.5686 52
1769091950191 0.54177 53
1769091968042 0.57173 54
1769091985597 0.55838 55
1769092003341 0.54578 56
1769092020550 0.55565 57
1769092038586 0.52857 58
1769092056254 0.53687 59
1769092073762 0.53789 60
1769092091641 0.5553 61
1769092108951 0.55748 62
1769092126186 0.55305 63
1769092143781 0.55334 64
1769092161199 0.55679 65
1769092178998 0.5488 66
1769092196502 0.53604 67
1769092213641 0.55304 68
1769092231498 0.54818 69
1769092249501 0.55237 70
1769092267174 0.55099 71
1769092285041 0.54774 72
1769092302345 0.55997 73
1769092319651 0.54681 74
1769092337868 0.55757 75
1769092355141 0.55884 76
1769092372458 0.55253 77
1769092389964 0.5625 78
1769092407052 0.55541 79
1769092425161 0.55858 80
1769092443526 0.56604 81
1769092460177 0.54762 82
1769092478098 0.53577 83
1769092495579 0.54485 84
1769092505776 0.571067716498487 84
