1769085845434 0.0 1
1769085853502 0.0 2
1769085861861 0.033468 3
1769085870619 0.057958 4
1769085879295 0.04801400000000001 5
1769085887158 0.113854 6
1769085895375 0.18149800000000002 7
1769085903459 0.195214 8
1769085911624 0.192695 9
1769085920076 0.194784 10
1769085928498 0.219312 11
1769085937262 0.27623200000000003 12
1769085945637 0.316014 13
1769085953778 0.300986 14
1769085962276 0.336656 15
1769085970704 0.313247 16
1769085979010 0.377402 17
1769085987354 0.371398 18
1769085996020 0.38552800000000004 19
1769086003935 0.36854 20
1769086012531 0.39529200000000003 21
1769086020674 0.401491 22
1769086029170 0.429075 23
1769086037241 0.42118700000000003 24
1769086045627 0.44388900000000003 25
1769086054210 0.457359 26
1769086062384 0.437836 27
1769086070724 0.432646 28
1769086078841 0.447557 29
1769086086875 0.430918 30
1769086095102 0.40093100000000004 31
1769086103242 0.462461 32
1769086111648 0.435024 33
1769086119590 0.41483000000000003 34
1769086127879 0.455552 35
1769086136324 0.485534 36
1769086144343 0.43990300000000004 37
1769086152769 0.46511600000000003 38
1769086160886 0.470736 39
1769086169622 0.48587400000000003 40
1769086177575 0.4654400000000001 41
1769086185886 0.436161 42
1769086194136 0.457554 43
1769086202274 0.458658 44
1769086210695 0.48540400000000006 45
1769086219019 0.45439100000000004 46
1769086227146 0.47919 47
1769086235047 0.46801400000000004 48
1769086243494 0.45126999999999995 49
1769086252154 0.4872580000000001 50
1769086260353 0.486036 51
1769086268626 0.501186 52
1769086277196 0.473405 53
1769086285314 0.5046280000000001 54
1769086293857 0.502069 55
1769086302086 0.48706400000000005 56
1769086310671 0.483196 57
1769086319099 0.476503 58
1769086327528 0.48915699999999995 59
1769086336237 0.49396599999999996 60
1769086344455 0.512238 61
1769086352589 0.49678300000000003 62
1769086360981 0.507684 63
1769086369306 0.51251 64
1769086377629 0.473204 65
1769086385966 0.496917 66
1769086394923 0.516361 67
1769086402978 0.516526 68
1769086411252 0.49776700000000007 69
1769086419797 0.476079 70
1769086428345 0.505081 71
1769086436940 0.505812 72
1769086445082 0.478732 73
1769086453812 0.49683700000000003 74
1769086461728 0.49635799999999997 75
1769086470143 0.49580500000000005 76
1769086478395 0.520567 77
1769086486549 0.514894 78
1769086494845 0.497947 79
1769086503116 0.5069020000000001 80
1769086511732 0.50178 81
1769086519875 0.510708 82
1769086528539 0.52372 83
1769086536819 0.518572 84
1769086544943 0.519368 85
1769086553338 0.49736400000000003 86
1769086561528 0.510413 87
1769086570022 0.517887 88
1769086578198 0.511084 89
1769086586677 0.504633 90
1769086594966 0.5038530000000001 91
1769086603483 0.523894 92
1769086611541 0.514723 93
1769086619926 0.529827 94
1769086628477 0.5011220000000001 95
1769086636697 0.5196000000000001 96
1769086645139 0.5161330000000001 97
1769086653342 0.5230509999999999 98
1769086661822 0.5266660000000001 99
1769086670168 0.501857 100
1769086678662 0.498704 101
1769086687073 0.510516 102
1769086695161 0.5207350000000001 103
1769086703416 0.527691 104
1769086712050 0.511282 105
1769086720380 0.512289 106
1769086729013 0.536663 107
1769086737390 0.521659 108
1769086745772 0.537103 109
1769086753661 0.532365 110
1769086762555 0.5413920000000001 111
1769086770873 0.528519 112
1769086779058 0.536618 113
1769086787266 0.529605 114
1769086795656 0.5351250000000001 115
1769086804436 0.534254 116
1769086812958 0.5262830000000001 117
1769086821219 0.5261279999999999 118
1769086829674 0.508483 119
1769086838073 0.535427 120
1769086846444 0.52857 121
1769086855072 0.518088 122
1769086863544 0.533444 123
1769086871832 0.539969 124
1769086879921 0.5488710000000001 125
1769086888010 0.536529 126
1769086896564 0.531675 127
1769086904886 0.528849 128
1769086913189 0.544242 129
1769086922021 0.550769 130
1769086929824 0.544528 131
1769086938162 0.544821 132
1769086946500 0.542516 133
1769086954680 0.5447649999999999 134
1769086963062 0.523712 135
1769086971278 0.534842 136
1769086979938 0.548695 137
1769086988008 0.545462 138
1769086996106 0.539786 139
1769087004344 0.537231 140
1769087012617 0.5419080000000001 141
1769087020927 0.5436449999999999 142
1769087029466 0.5446409999999999 143
1769087038121 0.547498 144
1769087046273 0.544 145
1769087054745 0.536046 146
1769087063259 0.538726 147
1769087071564 0.540174 148
1769087079689 0.5445110000000001 149
1769087088045 0.543001 150
1769087096676 0.546921 151
1769087104548 0.539128 152
1769087113083 0.537563 153
1769087121545 0.5449250000000001 154
1769087129951 0.538751 155
1769087138258 0.550878 156
1769087146453 0.544751 157
1769087155242 0.548395 158
1769087163370 0.547458 159
1769087171641 0.543429 160
1769087177641 0.5507871450530542 160
