1769085845434 0.0 1
1769085853502 0.0 2
1769085861861 0.07044 3
1769085870619 0.12166 4
1769085879295 0.13517 5
1769085887158 0.25447 6
1769085895375 0.35257 7
1769085903459 0.39766 8
1769085911624 0.42269 9
1769085920076 0.44007 10
1769085928498 0.4851 11
1769085937262 0.57019 12
1769085945637 0.61647 13
1769085953778 0.63116 14
1769085962276 0.68276 15
1769085970704 0.6509 16
1769085979010 0.71816 17
1769085987354 0.72247 18
1769085996020 0.7384 19
1769086003935 0.71864 20
1769086012531 0.76809 21
1769086020674 0.8092 22
1769086029170 0.80514 23
1769086037241 0.79169 24
1769086045627 0.82845 25
1769086054210 0.83436 26
1769086062384 0.83515 27
1769086070724 0.82429 28
1769086078841 0.83795 29
1769086086875 0.84877 30
1769086095102 0.79703 31
1769086103242 0.85883 32
1769086111648 0.83745 33
1769086119590 0.84296 34
1769086127879 0.86102 35
1769086136324 0.884 36
1769086144343 0.85402 37
1769086152769 0.86801 38
1769086160886 0.86598 39
1769086169622 0.87768 40
1769086177575 0.85406 41
1769086185886 0.86016 42
1769086194136 0.88527 43
1769086202274 0.87138 44
1769086210695 0.87595 45
1769086219019 0.8828 46
1769086227146 0.88851 47
1769086235047 0.89384 48
1769086243494 0.88201 49
1769086252154 0.88639 50
1769086260353 0.88749 51
1769086268626 0.90057 52
1769086277196 0.90131 53
1769086285314 0.89926 54
1769086293857 0.89491 55
1769086302086 0.88346 56
1769086310671 0.87394 57
1769086319099 0.88936 58
1769086327528 0.88288 59
1769086336237 0.8875 60
1769086344455 0.89823 61
1769086352589 0.89578 62
1769086360981 0.9084 63
1769086369306 0.9185 64
1769086377629 0.88247 65
1769086385966 0.89793 66
1769086394923 0.90661 67
1769086402978 0.91123 68
1769086411252 0.90427 69
1769086419797 0.90186 70
1769086428345 0.90631 71
1769086436940 0.90435 72
1769086445082 0.90499 73
1769086453812 0.9127 74
1769086461728 0.90728 75
1769086470143 0.9121 76
1769086478395 0.91897 77
1769086486549 0.9211 78
1769086494845 0.90661 79
1769086503116 0.90319 80
1769086511732 0.91479 81
1769086519875 0.91407 82
1769086528539 0.91675 83
1769086536819 0.91801 84
1769086544943 0.92624 85
1769086553338 0.9204 86
1769086561528 0.91787 87
1769086570022 0.92007 88
1769086578198 0.9127 89
1769086586677 0.91632 90
1769086594966 0.906 91
1769086603483 0.92002 92
1769086611541 0.91489 93
1769086619926 0.93102 94
1769086628477 0.92756 95
1769086636697 0.92217 96
1769086645139 0.92458 97
1769086653342 0.92833 98
1769086661822 0.93091 99
1769086670168 0.92303 100
1769086678662 0.92219 101
1769086687073 0.93159 102
1769086695161 0.92596 103
1769086703416 0.9273 104
1769086712050 0.92953 105
1769086720380 0.92232 106
1769086729013 0.93575 107
1769086737390 0.92503 108
1769086745772 0.93502 109
1769086753661 0.94002 110
1769086762555 0.94119 111
1769086770873 0.93522 112
1769086779058 0.93602 113
1769086787266 0.94014 114
1769086795656 0.93945 115
1769086804436 0.93605 116
1769086812958 0.93005 117
1769086821219 0.93984 118
1769086829674 0.93277 119
1769086838073 0.94517 120
1769086846444 0.94167 121
1769086855072 0.94215 122
1769086863544 0.94226 123
1769086871832 0.94397 124
1769086879921 0.94335 125
1769086888010 0.94629 126
1769086896564 0.93771 127
1769086904886 0.94716 128
1769086913189 0.94665 129
1769086922021 0.9446 130
1769086929824 0.9469 131
1769086938162 0.94497 132
1769086946500 0.94208 133
1769086954680 0.94252 134
1769086963062 0.94502 135
1769086971278 0.94121 136
1769086979938 0.94663 137
1769086988008 0.94733 138
1769086996106 0.94583 139
1769087004344 0.94422 140
1769087012617 0.945 141
1769087020927 0.94113 142
1769087029466 0.94461 143
1769087038121 0.94402 144
1769087046273 0.94423 145
1769087054745 0.94344 146
1769087063259 0.94504 147
1769087071564 0.94611 148
1769087079689 0.9524 149
1769087088045 0.95359 150
1769087096676 0.94725 151
1769087104548 0.9478 152
1769087113083 0.94763 153
1769087121545 0.94628 154
1769087129951 0.9461 155
1769087138258 0.951 156
1769087146453 0.94994 157
1769087155242 0.9493 158
1769087163370 0.94992 159
1769087171641 0.95031 160
1769087177641 0.9447108906527412 160
