1769085845434 0.0 1
1769085853502 0.0 2
1769085861861 0.02936 3
1769085870619 0.05088 4
1769085879295 0.03833 5
1769085887158 0.09823 6
1769085895375 0.16249 7
1769085903459 0.17272 8
1769085911624 0.16714 9
1769085920076 0.16753 10
1769085928498 0.18978 11
1769085937262 0.24357 12
1769085945637 0.28263 13
1769085953778 0.2643 14
1769085962276 0.2982 15
1769085970704 0.27573 16
1769085979010 0.33954 17
1769085987354 0.33239 18
1769085996020 0.34632 19
1769086003935 0.32964 20
1769086012531 0.35387 21
1769086020674 0.35619 22
1769086029170 0.38729 23
1769086037241 0.38002 24
1769086045627 0.40116 25
1769086054210 0.41547 26
1769086062384 0.39369 27
1769086070724 0.38913 28
1769086078841 0.40418 29
1769086086875 0.38449 30
1769086095102 0.35692 31
1769086103242 0.41842 32
1769086111648 0.39031 33
1769086119590 0.36726 34
1769086127879 0.4105 35
1769086136324 0.44126 36
1769086144343 0.39389 37
1769086152769 0.42035 38
1769086160886 0.42682 39
1769086169622 0.44234 40
1769086177575 0.42226 41
1769086185886 0.38905 42
1769086194136 0.41003 43
1769086202274 0.4128 44
1769086210695 0.44201 45
1769086219019 0.40679 46
1769086227146 0.43371 47
1769086235047 0.4207 48
1769086243494 0.40341 49
1769086252154 0.44291 50
1769086260353 0.44143 51
1769086268626 0.45681 52
1769086277196 0.42586 53
1769086285314 0.46078 54
1769086293857 0.45842 55
1769086302086 0.44302 56
1769086310671 0.43978 57
1769086319099 0.43063 58
1769086327528 0.44541 59
1769086336237 0.45024 60
1769086344455 0.46935 61
1769086352589 0.45245 62
1769086360981 0.46316 63
1769086369306 0.4674 64
1769086377629 0.42773 65
1769086385966 0.45236 66
1769086394923 0.473 67
1769086402978 0.47267 68
1769086411252 0.4526 69
1769086419797 0.42877 70
1769086428345 0.4605 71
1769086436940 0.46153 72
1769086445082 0.43137 73
1769086453812 0.45063 74
1769086461728 0.4507 75
1769086470143 0.44955 76
1769086478395 0.4763 77
1769086486549 0.46976 78
1769086494845 0.45254 79
1769086503116 0.46287 80
1769086511732 0.45589 81
1769086519875 0.46589 82
1769086528539 0.48005 83
1769086536819 0.47419 84
1769086544943 0.47416 85
1769086553338 0.45036 86
1769086561528 0.46514 87
1769086570022 0.4732 88
1769086578198 0.46646 89
1769086586677 0.45889 90
1769086594966 0.45917 91
1769086603483 0.47988 92
1769086611541 0.47026 93
1769086619926 0.48525 94
1769086628477 0.45374 95
1769086636697 0.47487 96
1769086645139 0.47075 97
1769086653342 0.47802 98
1769086661822 0.48175 99
1769086670168 0.45506 100
1769086678662 0.45165 101
1769086687073 0.46373 102
1769086695161 0.47571 103
1769086703416 0.48329 104
1769086712050 0.46481 105
1769086720380 0.46673 106
1769086729013 0.49232 107
1769086737390 0.47684 108
1769086745772 0.49289 109
1769086753661 0.48707 110
1769086762555 0.49697 111
1769086770873 0.48333 112
1769086779058 0.49224 113
1769086787266 0.48399 114
1769086795656 0.4902 115
1769086804436 0.48961 116
1769086812958 0.48142 117
1769086821219 0.48016 118
1769086829674 0.46134 119
1769086838073 0.4899 120
1769086846444 0.48267 121
1769086855072 0.47097 122
1769086863544 0.48802 123
1769086871832 0.49508 124
1769086879921 0.50504 125
1769086888010 0.491 126
1769086896564 0.48656 127
1769086904886 0.48237 128
1769086913189 0.49953 129
1769086922021 0.50701 130
1769086929824 0.49982 131
1769086938162 0.50036 132
1769086946500 0.49812 133
1769086954680 0.50057 134
1769086963062 0.4769 135
1769086971278 0.48969 136
1769086979938 0.50448 137
1769086988008 0.50081 138
1769086996106 0.49467 139
1769087004344 0.49201 140
1769087012617 0.49712 141
1769087020927 0.49948 142
1769087029466 0.5002 143
1769087038121 0.50344 144
1769087046273 0.49953 145
1769087054745 0.49078 146
1769087063259 0.49358 147
1769087071564 0.49507 148
1769087079689 0.49919 149
1769087088045 0.49738 150
1769087096676 0.50244 151
1769087104548 0.49372 152
1769087113083 0.492 153
1769087121545 0.50033 154
1769087129951 0.49349 155
1769087138258 0.50642 156
1769087146453 0.49973 157
1769087155242 0.50385 158
1769087163370 0.50274 159
1769087171641 0.49822 160
1769087177641 0.5070178399864222 160
