1769073816449 0.0 1
1769073832158 0.089009 2
1769073849576 0.187335 3
1769073865398 0.214303 4
1769073882345 0.386724 5
1769073898388 0.409864 6
1769073915055 0.493498 7
1769073932806 0.49165400000000004 8
1769073949496 0.46804 9
1769073965941 0.538861 10
1769073984450 0.486889 11
1769074001842 0.549072 12
1769074019892 0.5339700000000001 13
1769074038365 0.547793 14
1769074056551 0.54676 15
1769074073754 0.547712 16
1769074092080 0.5755460000000001 17
1769074107961 0.557375 18
1769074123277 0.573949 19
1769074140793 0.565963 20
1769074158788 0.5639649999999999 21
1769074175774 0.5807070000000001 22
1769074192668 0.5769010000000001 23
1769074209598 0.5814650000000001 24
1769074227155 0.588918 25
1769074244577 0.589661 26
1769074263264 0.5601900000000001 27
1769074283374 0.5863700000000001 28
1769074300399 0.561955 29
1769074316887 0.569325 30
1769074333277 0.5855630000000001 31
1769074349757 0.580151 32
1769074366684 0.5757159999999999 33
1769074385358 0.582786 34
1769074402002 0.5849949999999999 35
1769074421863 0.5500260000000001 36
1769074438668 0.57407 37
1769074454943 0.576654 38
1769074472344 0.58368 39
1769074489880 0.5961000000000001 40
1769074506475 0.5963320000000001 41
1769074522944 0.591708 42
1769074541647 0.5788420000000001 43
1769074557889 0.584087 44
1769074577441 0.5876110000000001 45
1769074595053 0.575072 46
1769074612384 0.558834 47
1769074627754 0.5863940000000001 48
1769074644483 0.5938410000000001 49
1769074663755 0.593181 50
1769074682492 0.592836 51
1769074698244 0.590323 52
1769074715404 0.588014 53
1769074734248 0.594727 54
1769074750767 0.5904269999999999 55
1769074766694 0.5854440000000001 56
1769074783087 0.589087 57
1769074800755 0.594832 58
1769074818689 0.593766 59
1769074837054 0.595813 60
1769074853657 0.588037 61
1769074872578 0.593838 62
1769074889741 0.5943210000000001 63
1769074908803 0.58464 64
1769074926745 0.5975380000000001 65
1769074945095 0.6014420000000001 66
1769074961258 0.589655 67
1769074978241 0.595979 68
1769074995185 0.589111 69
1769075011094 0.6017810000000001 70
1769075029976 0.5992630000000001 71
1769075046244 0.59938 72
1769075063677 0.592484 73
1769075081279 0.600197 74
1769075097873 0.594272 75
1769075114281 0.606333 76
1769075131645 0.594438 77
1769075150343 0.6047100000000001 78
1769075167554 0.594809 79
1769075184655 0.5962780000000001 80
1769075202767 0.599008 81
1769075220661 0.591249 82
1769075238786 0.596581 83
1769075255181 0.598519 84
1769075270854 0.594614 85
1769075287548 0.5957070000000001 86
1769075303842 0.58306 87
1769075320851 0.582545 88
1769075341958 0.5745750000000001 89
1769075357667 0.581497 90
1769075375804 0.5943160000000001 91
1769075394391 0.597034 92
1769075410949 0.595547 93
1769075426364 0.6047049999999999 94
1769075444361 0.597361 95
1769075460901 0.586947 96
1769075479965 0.5913459999999999 97
1769075496098 0.59269 98
1769075514499 0.590767 99
1769075533944 0.591686 100
1769075549971 0.597575 101
1769075568350 0.577241 102
1769075586844 0.584322 103
1769075602700 0.5910540000000001 104
1769075621046 0.5882850000000001 105
1769075636746 0.593288 106
1769075649998 0.6066542015118246 106
