1769073816449 0.0 1
1769073832158 0.07822 2
1769073849576 0.16942 3
1769073865398 0.18813 4
1769073882345 0.35598 5
1769073898388 0.37199 6
1769073915055 0.45081 7
1769073932806 0.44986 8
1769073949496 0.42341 9
1769073965941 0.49642 10
1769073984450 0.43996 11
1769074001842 0.50579 12
1769074019892 0.49107 13
1769074038365 0.50554 14
1769074056551 0.50248 15
1769074073754 0.50345 16
1769074092080 0.5318 17
1769074107961 0.51367 18
1769074123277 0.53018 19
1769074140793 0.5218 20
1769074158788 0.51843 21
1769074175774 0.5382 22
1769074192668 0.53278 23
1769074209598 0.53795 24
1769074227155 0.54607 25
1769074244577 0.54722 26
1769074263264 0.51544 27
1769074283374 0.54296 28
1769074300399 0.51668 29
1769074316887 0.52406 30
1769074333277 0.54208 31
1769074349757 0.53743 32
1769074366684 0.5317 33
1769074385358 0.53955 34
1769074402002 0.54141 35
1769074421863 0.50397 36
1769074438668 0.52989 37
1769074454943 0.53234 38
1769074472344 0.53991 39
1769074489880 0.55298 40
1769074506475 0.55342 41
1769074522944 0.54843 42
1769074541647 0.53427 43
1769074557889 0.54053 44
1769074577441 0.54368 45
1769074595053 0.53023 46
1769074612384 0.5127 47
1769074627754 0.54262 48
1769074644483 0.55122 49
1769074663755 0.55065 50
1769074682492 0.54964 51
1769074698244 0.5472 52
1769074715404 0.54445 53
1769074734248 0.5519 54
1769074750767 0.54792 55
1769074766694 0.5419 56
1769074783087 0.54645 57
1769074800755 0.55188 58
1769074818689 0.55081 59
1769074837054 0.55291 60
1769074853657 0.54473 61
1769074872578 0.55109 62
1769074889741 0.5522 63
1769074908803 0.5422 64
1769074926745 0.55633 65
1769074945095 0.559 66
1769074961258 0.5462 67
1769074978241 0.55275 68
1769074995185 0.54552 69
1769075011094 0.55959 70
1769075029976 0.55687 71
1769075046244 0.55713 72
1769075063677 0.54923 73
1769075081279 0.55767 74
1769075097873 0.55122 75
1769075114281 0.56475 76
1769075131645 0.55113 77
1769075150343 0.56269 78
1769075167554 0.55188 79
1769075184655 0.55327 80
1769075202767 0.5562 81
1769075220661 0.54796 82
1769075238786 0.55358 83
1769075255181 0.5565 84
1769075270854 0.5512 85
1769075287548 0.55239 86
1769075303842 0.53891 87
1769075320851 0.53825 88
1769075341958 0.52976 89
1769075357667 0.53734 90
1769075375804 0.55149 91
1769075394391 0.55406 92
1769075410949 0.55266 93
1769075426364 0.563 94
1769075444361 0.55514 95
1769075460901 0.54354 96
1769075479965 0.54792 97
1769075496098 0.54967 98
1769075514499 0.54716 99
1769075533944 0.54832 100
1769075549971 0.55477 101
1769075568350 0.53219 102
1769075586844 0.53987 103
1769075602700 0.54734 104
1769075621046 0.54567 105
1769075636746 0.54949 106
1769075649998 0.5650992158192937 106
