1769073816449 0.0 1
1769073832158 0.18611 2
1769073849576 0.34857 3
1769073865398 0.44986 4
1769073882345 0.66342 5
1769073898388 0.75073 6
1769073915055 0.87769 7
1769073932806 0.8678 8
1769073949496 0.86971 9
1769073965941 0.92083 10
1769073984450 0.90925 11
1769074001842 0.93861 12
1769074019892 0.92007 13
1769074038365 0.92807 14
1769074056551 0.94528 15
1769074073754 0.94607 16
1769074092080 0.96926 17
1769074107961 0.95072 18
1769074123277 0.96787 19
1769074140793 0.96343 20
1769074158788 0.97378 21
1769074175774 0.96327 22
1769074192668 0.97399 23
1769074209598 0.9731 24
1769074227155 0.97455 25
1769074244577 0.97163 26
1769074263264 0.96294 27
1769074283374 0.97706 28
1769074300399 0.96943 29
1769074316887 0.97671 30
1769074333277 0.97691 31
1769074349757 0.96464 32
1769074366684 0.97186 33
1769074385358 0.97191 34
1769074402002 0.97726 35
1769074421863 0.96453 36
1769074438668 0.97169 37
1769074454943 0.97548 38
1769074472344 0.97761 39
1769074489880 0.98418 40
1769074506475 0.98254 41
1769074522944 0.98121 42
1769074541647 0.97999 43
1769074557889 0.9761 44
1769074577441 0.98299 45
1769074595053 0.97865 46
1769074612384 0.97404 47
1769074627754 0.98036 48
1769074644483 0.97743 49
1769074663755 0.97596 50
1769074682492 0.9816 51
1769074698244 0.97843 52
1769074715404 0.98009 53
1769074734248 0.98017 54
1769074750767 0.97299 55
1769074766694 0.97734 56
1769074783087 0.97282 57
1769074800755 0.9814 58
1769074818689 0.98037 59
1769074837054 0.98194 60
1769074853657 0.9778 61
1769074872578 0.97857 62
1769074889741 0.97341 63
1769074908803 0.9666 64
1769074926745 0.96841 65
1769074945095 0.98342 66
1769074961258 0.98075 67
1769074978241 0.98504 68
1769074995185 0.98143 69
1769075011094 0.9815 70
1769075029976 0.9808 71
1769075046244 0.97963 72
1769075063677 0.98177 73
1769075081279 0.98294 74
1769075097873 0.98174 75
1769075114281 0.98058 76
1769075131645 0.98421 77
1769075150343 0.98289 78
1769075167554 0.98117 79
1769075184655 0.98335 80
1769075202767 0.98428 81
1769075220661 0.98085 82
1769075238786 0.98359 83
1769075255181 0.97669 84
1769075270854 0.98534 85
1769075287548 0.98556 86
1769075303842 0.98041 87
1769075320851 0.9812 88
1769075341958 0.97791 89
1769075357667 0.97891 90
1769075375804 0.97975 91
1769075394391 0.9838 92
1769075410949 0.98153 93
1769075426364 0.98005 94
1769075444361 0.97735 95
1769075460901 0.97761 96
1769075479965 0.98218 97
1769075496098 0.97987 98
1769075514499 0.98323 99
1769075533944 0.98198 100
1769075549971 0.98282 101
1769075568350 0.9827 102
1769075586844 0.98439 103
1769075602700 0.98448 104
1769075621046 0.97182 105
1769075636746 0.98747 106
1769075649998 0.9806490727446032 106
