1769077426598 0.0022830000000000003 1
1769077448340 0.15314000000000003 2
1769077462507 0.371638 3
1769077477045 0.409326 4
1769077491625 0.5252650000000001 5
1769077505508 0.47328100000000006 6
1769077520025 0.52251 7
1769077534360 0.5504469999999999 8
1769077548874 0.543572 9
1769077563370 0.565764 10
1769077577746 0.499539 11
1769077592367 0.566891 12
1769077606938 0.569169 13
1769077621010 0.560586 14
1769077635484 0.560937 15
1769077650121 0.556261 16
1769077664859 0.593054 17
1769077679367 0.597324 18
1769077693525 0.577438 19
1769077707817 0.581079 20
1769077722155 0.5719050000000001 21
1769077736397 0.588635 22
1769077751124 0.571011 23
1769077765479 0.581512 24
1769077779849 0.582695 25
1769077794570 0.601361 26
1769077809067 0.5843370000000001 27
1769077823375 0.592735 28
1769077837420 0.5859610000000001 29
1769077851981 0.6056990000000001 30
1769077866402 0.578217 31
1769077880662 0.600257 32
1769077894655 0.6006090000000001 33
1769077909330 0.5860890000000001 34
1769077923767 0.590719 35
1769077938198 0.591076 36
1769077952499 0.5871440000000001 37
1769077966698 0.593623 38
1769077981073 0.587449 39
1769077995445 0.5963550000000001 40
1769078009576 0.5997049999999999 41
1769078023740 0.602159 42
1769078037878 0.591107 43
1769078052325 0.594711 44
1769078066467 0.600985 45
1769078081051 0.5898100000000001 46
1769078095264 0.5867880000000001 47
1769078109590 0.592667 48
1769078123895 0.602443 49
1769078138880 0.608875 50
1769078153130 0.597126 51
1769078167291 0.598751 52
1769078181654 0.5823740000000001 53
1769078195824 0.6047150000000001 54
1769078210429 0.60987 55
1769078224591 0.5974970000000001 56
1769078239042 0.600041 57
1769078253379 0.610782 58
1769078267798 0.601938 59
1769078282181 0.583227 60
1769078296386 0.593653 61
1769078310802 0.600458 62
1769078325154 0.597686 63
1769078339759 0.61254 64
1769078353675 0.605282 65
1769078367941 0.599243 66
1769078382477 0.5951170000000001 67
1769078396729 0.5982270000000001 68
1769078410963 0.6051290000000001 69
1769078425594 0.593305 70
1769078439985 0.6062339999999999 71
1769078454300 0.5968220000000001 72
1769078468479 0.594908 73
1769078482774 0.590461 74
1769078497267 0.6007350000000001 75
1769078511448 0.598395 76
1769078525941 0.577463 77
1769078539937 0.580821 78
1769078554128 0.596507 79
1769078568598 0.57865 80
1769078583173 0.588399 81
1769078597202 0.58287 82
1769078611689 0.597081 83
1769078626064 0.5964430000000001 84
1769078640514 0.593791 85
1769078654812 0.600635 86
1769078669178 0.604771 87
1769078683500 0.603707 88
1769078697976 0.594882 89
1769078712488 0.5912480000000001 90
1769078726878 0.602373 91
1769078741248 0.590269 92
1769078755529 0.59708 93
1769078769786 0.605702 94
1769078777730 0.6128176133181928 94
