1769077426598 0.00861 1
1769077448340 0.34286 2
1769077462507 0.69112 3
1769077477045 0.78621 4
1769077491625 0.90646 5
1769077505508 0.87118 6
1769077520025 0.92841 7
1769077534360 0.95389 8
1769077548874 0.94967 9
1769077563370 0.96486 10
1769077577746 0.95205 11
1769077592367 0.95975 12
1769077606938 0.95958 13
1769077621010 0.95682 14
1769077635484 0.957 15
1769077650121 0.95713 16
1769077664859 0.96542 17
1769077679367 0.97419 18
1769077693525 0.97774 19
1769077707817 0.97464 20
1769077722155 0.97119 21
1769077736397 0.9638 22
1769077751124 0.9717 23
1769077765479 0.97537 24
1769077779849 0.97244 25
1769077794570 0.9764 26
1769077809067 0.97482 27
1769077823375 0.98149 28
1769077837420 0.97477 29
1769077851981 0.97874 30
1769077866402 0.97455 31
1769077880662 0.97589 32
1769077894655 0.97878 33
1769077909330 0.96966 34
1769077923767 0.98005 35
1769077938198 0.98326 36
1769077952499 0.98336 37
1769077966698 0.98191 38
1769077981073 0.98227 39
1769077995445 0.98601 40
1769078009576 0.9764 41
1769078023740 0.98276 42
1769078037878 0.9788 43
1769078052325 0.97758 44
1769078066467 0.98002 45
1769078081051 0.97969 46
1769078095264 0.98133 47
1769078109590 0.97829 48
1769078123895 0.98101 49
1769078138880 0.98062 50
1769078153130 0.98058 51
1769078167291 0.97361 52
1769078181654 0.97319 53
1769078195824 0.97817 54
1769078210429 0.97185 55
1769078224591 0.97925 56
1769078239042 0.97769 57
1769078253379 0.9834 58
1769078267798 0.98208 59
1769078282181 0.98262 60
1769078296386 0.97771 61
1769078310802 0.98078 62
1769078325154 0.97826 63
1769078339759 0.98091 64
1769078353675 0.98195 65
1769078367941 0.98042 66
1769078382477 0.97984 67
1769078396729 0.98025 68
1769078410963 0.98033 69
1769078425594 0.97675 70
1769078439985 0.98103 71
1769078454300 0.98285 72
1769078468479 0.97181 73
1769078482774 0.96919 74
1769078497267 0.97635 75
1769078511448 0.97545 76
1769078525941 0.97682 77
1769078539937 0.97719 78
1769078554128 0.97943 79
1769078568598 0.97663 80
1769078583173 0.97629 81
1769078597202 0.97644 82
1769078611689 0.98139 83
1769078626064 0.97681 84
1769078640514 0.9772 85
1769078654812 0.97607 86
1769078669178 0.97756 87
1769078683500 0.97844 88
1769078697976 0.98235 89
1769078712488 0.97697 90
1769078726878 0.97887 91
1769078741248 0.97267 92
1769078755529 0.97796 93
1769078769786 0.98039 94
1769078777730 0.980996717623473 94
