1769077426598 0.00158 1
1769077448340 0.13206 2
1769077462507 0.33614 3
1769077477045 0.36745 4
1769077491625 0.48291 5
1769077505508 0.42907 6
1769077520025 0.47741 7
1769077534360 0.50562 8
1769077548874 0.49845 9
1769077563370 0.52142 10
1769077577746 0.44926 11
1769077592367 0.52324 12
1769077606938 0.52579 13
1769077621010 0.51656 14
1769077635484 0.51693 15
1769077650121 0.51172 16
1769077664859 0.55168 17
1769077679367 0.55545 18
1769077693525 0.53296 19
1769077707817 0.53735 20
1769077722155 0.52754 21
1769077736397 0.54695 22
1769077751124 0.52649 23
1769077765479 0.53775 24
1769077779849 0.53939 25
1769077794570 0.55969 26
1769077809067 0.54095 27
1769077823375 0.54954 28
1769077837420 0.54276 29
1769077851981 0.56425 30
1769077866402 0.53418 31
1769077880662 0.55852 32
1769077894655 0.55859 33
1769077909330 0.54347 34
1769077923767 0.54746 35
1769077938198 0.5475 36
1769077952499 0.54312 37
1769077966698 0.55048 38
1769077981073 0.54358 39
1769077995445 0.55306 40
1769078009576 0.55785 41
1769078023740 0.55987 42
1769078037878 0.54803 43
1769078052325 0.55217 44
1769078066467 0.55887 45
1769078081051 0.54649 46
1769078095264 0.54295 47
1769078109590 0.54982 48
1769078123895 0.56038 49
1769078138880 0.56757 50
1769078153130 0.55452 51
1769078167291 0.5571 52
1769078181654 0.53895 53
1769078195824 0.56322 54
1769078210429 0.56965 55
1769078224591 0.55508 56
1769078239042 0.55808 57
1769078253379 0.56938 58
1769078267798 0.5597 59
1769078282181 0.53885 60
1769078296386 0.55098 61
1769078310802 0.5582 62
1769078325154 0.5554 63
1769078339759 0.57161 64
1769078353675 0.56343 65
1769078367941 0.55689 66
1769078382477 0.55237 67
1769078396729 0.55578 68
1769078410963 0.56344 69
1769078425594 0.5507 70
1769078439985 0.56459 71
1769078454300 0.55393 72
1769078468479 0.55303 73
1769078482774 0.54838 74
1769078497267 0.559 75
1769078511448 0.5565 76
1769078525941 0.53309 77
1769078539937 0.53678 78
1769078554128 0.55396 79
1769078568598 0.53443 80
1769078583173 0.5453 81
1769078597202 0.53914 82
1769078611689 0.55438 83
1769078626064 0.55418 84
1769078640514 0.55119 85
1769078654812 0.55892 86
1769078669178 0.56335 87
1769078683500 0.56207 88
1769078697976 0.55183 89
1769078712488 0.54839 90
1769078726878 0.56054 91
1769078741248 0.54778 92
1769078755529 0.55476 93
1769078769786 0.56407 94
1769078777730 0.5719088239509394 94
