1769087257977 0.0 1
1769087268465 0.011765000000000001 2
1769087279145 0.13944099999999998 3
1769087289967 0.144459 4
1769087301313 0.18722700000000003 5
1769087311431 0.217811 6
1769087321971 0.292756 7
1769087332572 0.346298 8
1769087343463 0.352327 9
1769087354241 0.430776 10
1769087365425 0.44090100000000004 11
1769087375793 0.468317 12
1769087386927 0.489421 13
1769087397354 0.48837 14
1769087408295 0.42968300000000004 15
1769087418910 0.45452800000000004 16
1769087429921 0.444409 17
1769087441123 0.505623 18
1769087451668 0.5330630000000001 19
1769087462403 0.534999 20
1769087472473 0.5269189999999999 21
1769087483574 0.533462 22
1769087494541 0.5122220000000001 23
1769087505297 0.493296 24
1769087516280 0.515199 25
1769087527042 0.553503 26
1769087537811 0.5254690000000001 27
1769087548684 0.539985 28
1769087558852 0.5474920000000001 29
1769087569490 0.544246 30
1769087580143 0.521596 31
1769087591153 0.5415760000000001 32
1769087601452 0.5527299999999999 33
1769087612150 0.546084 34
1769087622592 0.542177 35
1769087633804 0.5384450000000001 36
1769087644606 0.5530190000000001 37
1769087655176 0.5439860000000001 38
1769087665864 0.5585690000000001 39
1769087676710 0.552312 40
1769087687049 0.552343 41
1769087697786 0.5550710000000001 42
1769087708267 0.5369790000000001 43
1769087719069 0.55392 44
1769087730049 0.5607230000000001 45
1769087740270 0.5491840000000001 46
1769087751082 0.543848 47
1769087761886 0.561384 48
1769087772616 0.5646869999999999 49
1769087783414 0.5718989999999999 50
1769087794341 0.560628 51
1769087805364 0.575111 52
1769087815741 0.55647 53
1769087826286 0.577693 54
1769087837070 0.566801 55
1769087848096 0.5575310000000001 56
1769087858927 0.557816 57
1769087869675 0.547408 58
1769087880963 0.564023 59
1769087891401 0.5409630000000001 60
1769087901842 0.5671970000000001 61
1769087912772 0.570787 62
1769087923402 0.570955 63
1769087933950 0.5553980000000001 64
1769087944681 0.560754 65
1769087955500 0.568544 66
1769087966152 0.555327 67
1769087976760 0.5729230000000001 68
1769087987713 0.576944 69
1769087998408 0.5659449999999999 70
1769088009067 0.561633 71
1769088019782 0.558273 72
1769088031141 0.552131 73
1769088041553 0.577994 74
1769088052182 0.5757300000000001 75
1769088062841 0.566342 76
1769088073743 0.5672330000000001 77
1769088084178 0.5810420000000001 78
1769088095066 0.5690270000000001 79
1769088105955 0.57592 80
1769088116386 0.5626169999999999 81
1769088126990 0.5716930000000001 82
1769088138108 0.582975 83
1769088148748 0.581678 84
1769088159669 0.5705330000000001 85
1769088169941 0.558343 86
1769088180997 0.570039 87
1769088191581 0.575454 88
1769088202513 0.565351 89
1769088212978 0.566071 90
1769088223885 0.5713459999999999 91
1769088234603 0.579779 92
1769088245186 0.572116 93
1769088256277 0.576271 94
1769088266709 0.566577 95
1769088277346 0.564557 96
1769088288258 0.5704469999999999 97
1769088298988 0.579298 98
1769088309654 0.567079 99
1769088320470 0.570462 100
1769088331386 0.571346 101
1769088341593 0.579948 102
1769088352305 0.5746020000000001 103
1769088362970 0.575172 104
1769088373962 0.571597 105
1769088384675 0.577607 106
1769088395827 0.577264 107
1769088406636 0.58227 108
1769088416491 0.5793980000000001 109
1769088427367 0.5853579999999999 110
1769088438144 0.584615 111
1769088449012 0.580745 112
1769088460043 0.588247 113
1769088470781 0.57351 114
1769088481838 0.571326 115
1769088492357 0.572323 116
1769088503476 0.573851 117
1769088514026 0.584427 118
1769088524806 0.5876790000000001 119
1769088535172 0.581396 120
1769088546184 0.584051 121
1769088557261 0.5805120000000001 122
1769088567641 0.577322 123
1769088578644 0.584106 124
1769088588972 0.5845290000000001 125
1769088599483 0.583349 126
1769088610094 0.5800430000000001 127
1769088621251 0.5786610000000001 128
1769088631885 0.57853 129
1769088642586 0.577219 130
1769088653041 0.582921 131
1769088664280 0.5861510000000001 132
1769088674903 0.583829 133
1769088685350 0.581669 134
1769088696741 0.581317 135
1769088706947 0.5774859999999999 136
1769088717880 0.572973 137
1769088728359 0.583029 138
1769088739113 0.5859150000000001 139
1769088749846 0.575607 140
1769088760347 0.5698669999999999 141
1769088771041 0.5806560000000001 142
1769088782066 0.5905790000000001 143
1769088792680 0.587908 144
1769088803506 0.5856110000000001 145
1769088814241 0.580554 146
1769088825176 0.583536 147
1769088836343 0.582878 148
1769088846783 0.586723 149
1769088857465 0.5886150000000001 150
1769088868125 0.5819070000000001 151
1769088878921 0.586196 152
1769088889764 0.580754 153
1769088900479 0.582182 154
1769088911496 0.583367 155
1769088921790 0.5821890000000001 156
1769088932672 0.5881810000000001 157
1769088943500 0.589456 158
1769088954084 0.587974 159
1769088964805 0.581095 160
1769088975578 0.585411 161
1769088986807 0.5875630000000001 162
1769088997462 0.591413 163
1769089007784 0.5906089999999999 164
1769089018276 0.583985 165
1769089029060 0.5848720000000001 166
1769089039398 0.582846 167
1769089050179 0.581335 168
1769089061178 0.583177 169
1769089071503 0.58151 170
1769089082071 0.583813 171
1769089093073 0.5791940000000001 172
1769089103751 0.582279 173
1769089114168 0.582858 174
1769089125335 0.5821109999999999 175
1769089136454 0.5825089999999999 176
1769089146883 0.582405 177
1769089157577 0.58777 178
1769089168297 0.5858099999999999 179
1769089178770 0.587213 180
1769089189652 0.5851890000000001 181
1769089200376 0.582431 182
1769089211379 0.581581 183
1769089221921 0.583068 184
1769089232486 0.580555 185
1769089243686 0.5815790000000001 186
1769089254188 0.58131 187
1769089265177 0.583844 188
1769089275865 0.5857840000000001 189
1769089286310 0.585331 190
1769089304678 0.575296 191
1769089316690 0.56233 192
1769089327383 0.563273 193
1769089334618 0.5906551018664978 193
