1769087257977 0.0 1
1769087268465 0.02027 2
1769087279145 0.26203 3
1769087289967 0.27027 4
1769087301313 0.3573 5
1769087311431 0.425 6
1769087321971 0.55075 7
1769087332572 0.64967 8
1769087343463 0.71023 9
1769087354241 0.7704 10
1769087365425 0.81405 11
1769087375793 0.84989 12
1769087386927 0.85825 13
1769087397354 0.85494 14
1769087408295 0.83093 15
1769087418910 0.84133 16
1769087429921 0.86245 17
1769087441123 0.89958 18
1769087451668 0.92117 19
1769087462403 0.92055 20
1769087472473 0.9203 21
1769087483574 0.923 22
1769087494541 0.91328 23
1769087505297 0.89862 24
1769087516280 0.92154 25
1769087527042 0.93657 26
1769087537811 0.9184 27
1769087548684 0.94089 28
1769087558852 0.94648 29
1769087569490 0.93625 30
1769087580143 0.93781 31
1769087591153 0.94429 32
1769087601452 0.93658 33
1769087612150 0.93879 34
1769087622592 0.94886 35
1769087633804 0.94412 36
1769087644606 0.94928 37
1769087655176 0.95111 38
1769087665864 0.95294 39
1769087676710 0.95085 40
1769087687049 0.94963 41
1769087697786 0.9599 42
1769087708267 0.94125 43
1769087719069 0.95028 44
1769087730049 0.95405 45
1769087740270 0.96097 46
1769087751082 0.95747 47
1769087761886 0.96183 48
1769087772616 0.963 49
1769087783414 0.95988 50
1769087794341 0.96273 51
1769087805364 0.96347 52
1769087815741 0.95778 53
1769087826286 0.96562 54
1769087837070 0.95741 55
1769087848096 0.95444 56
1769087858927 0.94973 57
1769087869675 0.95905 58
1769087880963 0.9695 59
1769087891401 0.96264 60
1769087901842 0.95777 61
1769087912772 0.95209 62
1769087923402 0.95791 63
1769087933950 0.95696 64
1769087944681 0.96066 65
1769087955500 0.95792 66
1769087966152 0.95715 67
1769087976760 0.96184 68
1769087987713 0.95939 69
1769087998408 0.96397 70
1769088009067 0.96468 71
1769088019782 0.96366 72
1769088031141 0.95678 73
1769088041553 0.96764 74
1769088052182 0.96957 75
1769088062841 0.95984 76
1769088073743 0.96362 77
1769088084178 0.96932 78
1769088095066 0.96707 79
1769088105955 0.96652 80
1769088116386 0.96669 81
1769088126990 0.97375 82
1769088138108 0.9639 83
1769088148748 0.97082 84
1769088159669 0.97007 85
1769088169941 0.96598 86
1769088180997 0.96702 87
1769088191581 0.96654 88
1769088202513 0.97027 89
1769088212978 0.96307 90
1769088223885 0.97208 91
1769088234603 0.9728 92
1769088245186 0.96574 93
1769088256277 0.96454 94
1769088266709 0.96795 95
1769088277346 0.96773 96
1769088288258 0.97542 97
1769088298988 0.9724 98
1769088309654 0.96838 99
1769088320470 0.96729 100
1769088331386 0.97244 101
1769088341593 0.97485 102
1769088352305 0.969 103
1769088362970 0.97119 104
1769088373962 0.97333 105
1769088384675 0.96899 106
1769088395827 0.97393 107
1769088406636 0.9735 108
1769088416491 0.97565 109
1769088427367 0.97324 110
1769088438144 0.9731 111
1769088449012 0.96581 112
1769088460043 0.97189 113
1769088470781 0.97563 114
1769088481838 0.97431 115
1769088492357 0.96961 116
1769088503476 0.97274 117
1769088514026 0.97536 118
1769088524806 0.97656 119
1769088535172 0.9752 120
1769088546184 0.97178 121
1769088557261 0.97455 122
1769088567641 0.97307 123
1769088578644 0.97485 124
1769088588972 0.97161 125
1769088599483 0.97763 126
1769088610094 0.97796 127
1769088621251 0.97647 128
1769088631885 0.97561 129
1769088642586 0.97141 130
1769088653041 0.97632 131
1769088664280 0.97388 132
1769088674903 0.97226 133
1769088685350 0.96812 134
1769088696741 0.96973 135
1769088706947 0.9676 136
1769088717880 0.97305 137
1769088728359 0.97416 138
1769088739113 0.97413 139
1769088749846 0.97176 140
1769088760347 0.97223 141
1769088771041 0.97356 142
1769088782066 0.97568 143
1769088792680 0.97525 144
1769088803506 0.97901 145
1769088814241 0.97443 146
1769088825176 0.97869 147
1769088836343 0.98057 148
1769088846783 0.98032 149
1769088857465 0.97827 150
1769088868125 0.97797 151
1769088878921 0.97685 152
1769088889764 0.97913 153
1769088900479 0.97244 154
1769088911496 0.97646 155
1769088921790 0.97881 156
1769088932672 0.97483 157
1769088943500 0.97624 158
1769088954084 0.97483 159
1769088964805 0.97795 160
1769088975578 0.97836 161
1769088986807 0.98089 162
1769088997462 0.97979 163
1769089007784 0.97985 164
1769089018276 0.97913 165
1769089029060 0.98206 166
1769089039398 0.97863 167
1769089050179 0.979 168
1769089061178 0.9778 169
1769089071503 0.97472 170
1769089082071 0.97633 171
1769089093073 0.97145 172
1769089103751 0.97638 173
1769089114168 0.97677 174
1769089125335 0.9774 175
1769089136454 0.97967 176
1769089146883 0.98016 177
1769089157577 0.98008 178
1769089168297 0.98244 179
1769089178770 0.97874 180
1769089189652 0.98064 181
1769089200376 0.98069 182
1769089211379 0.98029 183
1769089221921 0.97977 184
1769089232486 0.98002 185
1769089243686 0.98018 186
1769089254188 0.98019 187
1769089265177 0.98051 188
1769089275865 0.98047 189
1769089286310 0.97684 190
1769089304678 0.97621 191
1769089316690 0.97507 192
1769089327383 0.97433 193
1769089334618 0.979790224696766 193
