1769087257977 0.0 1
1769087268465 0.01082 2
1769087279145 0.12582 3
1769087289967 0.13048 4
1769087301313 0.16833 5
1769087311431 0.19479 6
1769087321971 0.26409 7
1769087332572 0.31259 8
1769087343463 0.31256 9
1769087354241 0.39304 10
1769087365425 0.39944 11
1769087375793 0.42592 12
1769087386927 0.44844 13
1769087397354 0.44764 14
1769087408295 0.3851 15
1769087418910 0.41155 16
1769087429921 0.39796 17
1769087441123 0.46185 18
1769087451668 0.48994 19
1769087462403 0.49216 20
1769087472473 0.48321 21
1769087483574 0.49018 22
1769087494541 0.46766 23
1769087505297 0.44826 24
1769087516280 0.47005 25
1769087527042 0.51094 26
1769087537811 0.48181 27
1769087548684 0.49544 28
1769087558852 0.50316 29
1769087569490 0.50069 30
1769087580143 0.47535 31
1769087591153 0.49683 32
1769087601452 0.51008 33
1769087612150 0.50245 34
1769087622592 0.49699 35
1769087633804 0.49337 36
1769087644606 0.50899 37
1769087655176 0.49875 38
1769087665864 0.51475 39
1769087676710 0.50803 40
1769087687049 0.5082 41
1769087697786 0.51009 42
1769087708267 0.49206 43
1769087719069 0.50988 44
1769087730049 0.51702 45
1769087740270 0.50343 46
1769087751082 0.49789 47
1769087761886 0.51689 48
1769087772616 0.52043 49
1769087783414 0.52879 50
1769087794341 0.51595 51
1769087805364 0.53196 52
1769087815741 0.51188 53
1769087826286 0.53459 54
1769087837070 0.5234 55
1769087848096 0.51343 56
1769087858927 0.51427 57
1769087869675 0.50167 58
1769087880963 0.51897 59
1769087891401 0.49411 60
1769087901842 0.5238 61
1769087912772 0.52842 62
1769087923402 0.52796 63
1769087933950 0.51078 64
1769087944681 0.51632 65
1769087955500 0.52528 66
1769087966152 0.51068 67
1769087976760 0.52971 68
1769087987713 0.53445 69
1769087998408 0.52172 70
1769088009067 0.51685 71
1769088019782 0.51323 72
1769088031141 0.50717 73
1769088041553 0.5347 74
1769088052182 0.53197 75
1769088062841 0.52262 76
1769088073743 0.52319 77
1769088084178 0.5379 78
1769088095066 0.5248 79
1769088105955 0.53252 80
1769088116386 0.51772 81
1769088126990 0.52702 82
1769088138108 0.54065 83
1769088148748 0.53844 84
1769088159669 0.52614 85
1769088169941 0.51305 86
1769088180997 0.52593 87
1769088191581 0.532 88
1769088202513 0.52036 89
1769088212978 0.52196 90
1769088223885 0.52682 91
1769088234603 0.53611 92
1769088245186 0.52838 93
1769088256277 0.53313 94
1769088266709 0.52198 95
1769088277346 0.51976 96
1769088288258 0.52545 97
1769088298988 0.53562 98
1769088309654 0.52249 99
1769088320470 0.52637 100
1769088331386 0.52678 101
1769088341593 0.53607 102
1769088352305 0.53078 103
1769088362970 0.53117 104
1769088373962 0.52696 105
1769088384675 0.53412 106
1769088395827 0.53319 107
1769088406636 0.5388 108
1769088416491 0.53537 109
1769088427367 0.54226 110
1769088438144 0.54145 111
1769088449012 0.53796 112
1769088460043 0.54562 113
1769088470781 0.52883 114
1769088481838 0.52655 115
1769088492357 0.52818 116
1769088503476 0.52953 117
1769088514026 0.54099 118
1769088524806 0.54447 119
1769088535172 0.53764 120
1769088546184 0.54097 121
1769088557261 0.53673 122
1769088567641 0.53335 123
1769088578644 0.54069 124
1769088588972 0.54152 125
1769088599483 0.53954 126
1769088610094 0.53583 127
1769088621251 0.53446 128
1769088631885 0.53441 129
1769088642586 0.53342 130
1769088653041 0.53921 131
1769088664280 0.54307 132
1769088674903 0.54067 133
1769088685350 0.53873 134
1769088696741 0.53816 135
1769088706947 0.53414 136
1769088717880 0.52852 137
1769088728359 0.53957 138
1769088739113 0.54278 139
1769088749846 0.53159 140
1769088760347 0.52516 141
1769088771041 0.537 142
1769088782066 0.54779 143
1769088792680 0.54487 144
1769088803506 0.5419 145
1769088814241 0.53679 146
1769088825176 0.53963 147
1769088836343 0.53869 148
1769088846783 0.54299 149
1769088857465 0.54532 150
1769088868125 0.5379 151
1769088878921 0.54279 152
1769088889764 0.53649 153
1769088900479 0.53882 154
1769088911496 0.53969 155
1769088921790 0.53812 156
1769088932672 0.54522 157
1769088943500 0.54648 158
1769088954084 0.54499 159
1769088964805 0.537 160
1769088975578 0.54175 161
1769088986807 0.54386 162
1769088997462 0.54826 163
1769089007784 0.54736 164
1769089018276 0.54008 165
1769089029060 0.54074 166
1769089039398 0.53887 167
1769089050179 0.53715 168
1769089061178 0.53933 169
1769089071503 0.53782 170
1769089082071 0.5402 171
1769089093073 0.53561 172
1769089103751 0.53849 173
1769089114168 0.53909 174
1769089125335 0.53819 175
1769089136454 0.53838 176
1769089146883 0.53821 177
1769089157577 0.54418 178
1769089168297 0.54174 179
1769089178770 0.54371 180
1769089189652 0.54125 181
1769089200376 0.53818 182
1769089211379 0.53728 183
1769089221921 0.53899 184
1769089232486 0.53617 185
1769089243686 0.53729 186
1769089254188 0.53699 187
1769089265177 0.53977 188
1769089275865 0.54193 189
1769089286310 0.54183 190
1769089304678 0.53075 191
1769089316690 0.51647 192
1769089327383 0.5176 193
1769089334618 0.547417865996468 193
