1769081457957 1.9704718589782715 1
1769081474052 2.1863834857940674 2
1769081489407 1.7961586713790894 3
1769081504003 2.1125543117523193 4
1769081518655 1.8535982370376587 5
1769081533166 1.734476923942566 6
1769081548313 1.6407679319381714 7
1769081563574 1.7255593538284302 8
1769081578143 2.11651611328125 9
1769081593463 1.498518943786621 10
1769081607907 1.7295329570770264 11
1769081622397 1.5520755052566528 12
1769081637678 1.6407872438430786 13
1769081652972 1.3923346996307373 14
1769081667431 1.4294862747192383 15
1769081681941 1.3361200094223022 16
1769081696613 1.394781470298767 17
1769081711245 1.5296332836151123 18
1769081725810 1.8267415761947632 19
1769081741015 1.8499796390533447 20
1769081755629 1.463350772857666 21
1769081770856 1.6284443140029907 22
1769081785376 1.4902278184890747 23
1769081799942 1.392897129058838 24
1769081814503 1.600458025932312 25
1769081829680 1.8089627027511597 26
1769081844087 1.4177625179290771 27
1769081858551 1.6397820711135864 28
1769081873128 1.4021999835968018 29
1769081887618 1.2771857976913452 30
1769081902032 1.4443057775497437 31
1769081916722 1.3063981533050537 32
1769081931367 1.5236042737960815 33
1769081945883 1.4196622371673584 34
1769081960363 1.6592731475830078 35
1769081974889 1.5571246147155762 36
1769081989333 1.4955579042434692 37
1769082003799 1.3972344398498535 38
1769082018282 1.2178233861923218 39
1769082032765 1.3800456523895264 40
1769082047383 1.7431893348693848 41
1769082061915 1.2732864618301392 42
1769082076519 1.580503225326538 43
1769082091026 1.4438774585723877 44
1769082105637 1.510973334312439 45
1769082120088 1.3936231136322021 46
1769082134550 1.2048070430755615 47
1769082149045 1.2642489671707153 48
1769082164327 1.3900761604309082 49
1769082178922 1.3787217140197754 50
1769082193533 1.4769657850265503 51
1769082208002 1.431213617324829 52
1769082222603 1.3853245973587036 53
1769082237103 1.2414791584014893 54
1769082251672 1.4102270603179932 55
1769082266210 1.4353572130203247 56
1769082280770 1.4839307069778442 57
1769082295265 1.2642250061035156 58
1769082309796 1.1564947366714478 59
1769082324343 1.3864681720733643 60
1769082339036 1.520178198814392 61
1769082353574 1.1076165437698364 62
1769082368068 1.1507575511932373 63
1769082382653 1.3588453531265259 64
1769082397246 1.1090668439865112 65
1769082411739 1.017584204673767 66
1769082426876 1.2649420499801636 67
1769082441414 1.269166350364685 68
1769082456019 1.4833236932754517 69
1769082470549 0.9958957433700562 70
1769082485120 1.2421461343765259 71
1769082499639 1.2768431901931763 72
1769082514184 1.261707067489624 73
1769082528626 1.291207194328308 74
1769082543164 1.101718544960022 75
1769082557844 1.1035765409469604 76
1769082572387 1.1797610521316528 77
1769082586944 1.1022140979766846 78
1769082601461 1.1811381578445435 79
1769082615928 1.2992634773254395 80
1769082630540 1.0513705015182495 81
1769082645193 1.1408236026763916 82
1769082659763 1.1738585233688354 83
1769082674250 1.6078104972839355 84
1769082688772 1.2849913835525513 85
1769082703224 1.0942671298980713 86
1769082717746 1.1555510759353638 87
1769082732279 1.6987923383712769 88
1769082746909 1.0305618047714233 89
1769082761478 1.2775843143463135 90
1769082776595 1.0830777883529663 91
1769082791077 1.037139892578125 92
1769082805657 1.0268988609313965 93
1769082820210 1.291768193244934 94
1769082834674 0.9659274816513062 95
1769082849187 1.0179632902145386 96
1769082863745 1.0187045335769653 97
1769082878237 0.8804703950881958 98
1769082892724 1.0770127773284912 99
1769082907332 0.9516202807426453 100
1769082921908 1.1538894176483154 101
1769082936515 1.034400463104248 102
1769082951185 0.9860477447509766 103
1769082965715 1.181592583656311 104
1769082980314 1.040594458580017 105
1769082994861 1.0236376523971558 106
1769083009529 0.8499941229820251 107
1769083024146 0.9651739001274109 108
1769083038899 0.8236826658248901 109
1769083053476 1.0670747756958008 110
1769083068028 0.9658185243606567 111
1769083082565 1.167688012123108 112
1769083097236 0.9202249050140381 113
1769083111815 0.771299421787262 114
1769083126384 0.878496527671814 115
1769083141038 1.2274773120880127 116
1769083155605 0.9745959639549255 117
1769083170093 0.9980847239494324 118
1769083184519 0.9926732778549194 119
1769083199121 0.9181965589523315 120
1769083213816 0.9712877869606018 121
1769083221968 0.9712877869606018 121
