1769081457957 3.5604984760284424 1
1769081474052 1.746857762336731 2
1769081489407 1.1945750713348389 3
1769081504003 1.326517105102539 4
1769081518655 1.8828575611114502 5
1769081533166 1.0674824714660645 6
1769081548313 0.7916520833969116 7
1769081563574 1.0372403860092163 8
1769081578143 1.557876467704773 9
1769081593463 0.7493276000022888 10
1769081607907 0.8603541851043701 11
1769081622397 0.8360911011695862 12
1769081637678 1.0078834295272827 13
1769081652972 0.8316216468811035 14
1769081667431 0.9431769847869873 15
1769081681941 0.7710995078086853 16
1769081696613 0.6619556546211243 17
1769081711245 0.8910635709762573 18
1769081725810 0.9570294618606567 19
1769081741015 0.8927270174026489 20
1769081755629 0.7228177785873413 21
1769081770856 0.7463895082473755 22
1769081785376 0.7009459733963013 23
1769081799942 0.6535857319831848 24
1769081814503 0.7209687829017639 25
1769081829680 0.8588947057723999 26
1769081844087 0.6605692505836487 27
1769081858551 0.7017402648925781 28
1769081873128 0.7396248579025269 29
1769081887618 0.5768469572067261 30
1769081902032 0.8291411995887756 31
1769081916722 0.6827801465988159 32
1769081931367 0.85956209897995 33
1769081945883 0.7624327540397644 34
1769081960363 0.7419725656509399 35
1769081974889 0.7409265041351318 36
1769081989333 0.844448447227478 37
1769082003799 0.6215210556983948 38
1769082018282 0.587187647819519 39
1769082032765 0.7005974650382996 40
1769082047383 0.8243322968482971 41
1769082061915 0.8030144572257996 42
1769082076519 0.6897804141044617 43
1769082091026 0.6979816555976868 44
1769082105637 0.7065448760986328 45
1769082120088 0.6605848670005798 46
1769082134550 0.5568658113479614 47
1769082149045 0.6251955628395081 48
1769082164327 0.6697046756744385 49
1769082178922 0.6360054016113281 50
1769082193533 0.6547305583953857 51
1769082208002 0.6622036695480347 52
1769082222603 0.5545968413352966 53
1769082237103 0.6709355711936951 54
1769082251672 0.7779525518417358 55
1769082266210 0.847038984298706 56
1769082280770 0.679358720779419 57
1769082295265 0.6106782555580139 58
1769082309796 0.5470322966575623 59
1769082324343 0.6134731769561768 60
1769082339036 0.6624866724014282 61
1769082353574 0.5055251121520996 62
1769082368068 0.6457507014274597 63
1769082382653 0.523600161075592 64
1769082397246 0.548766553401947 65
1769082411739 0.5547208189964294 66
1769082426876 0.49206745624542236 67
1769082441414 0.5125042200088501 68
1769082456019 0.6817094087600708 69
1769082470549 0.5396490693092346 70
1769082485120 0.5198850035667419 71
1769082499639 0.5745758414268494 72
1769082514184 0.5079115629196167 73
1769082528626 0.530427098274231 74
1769082543164 0.5041607022285461 75
1769082557844 0.5451892018318176 76
1769082572387 0.564270555973053 77
1769082586944 0.5665901303291321 78
1769082601461 0.5418976545333862 79
1769082615928 0.5686002969741821 80
1769082630540 0.4643090069293976 81
1769082645193 0.5394963622093201 82
1769082659763 0.5162898302078247 83
1769082674250 0.6345815658569336 84
1769082688772 0.5007545351982117 85
1769082703224 0.47965511679649353 86
1769082717746 0.4920491576194763 87
1769082732279 0.7567031979560852 88
1769082746909 0.4423633813858032 89
1769082761478 0.586437463760376 90
1769082776595 0.5175532102584839 91
1769082791077 0.48353707790374756 92
1769082805657 0.5352922081947327 93
1769082820210 0.5908014178276062 94
1769082834674 0.5006810426712036 95
1769082849187 0.46747079491615295 96
1769082863745 0.4744182229042053 97
1769082878237 0.4603196382522583 98
1769082892724 0.4731307923793793 99
1769082907332 0.44372665882110596 100
1769082921908 0.46715641021728516 101
1769082936515 0.4003969132900238 102
1769082951185 0.4390966594219208 103
1769082965715 0.4703056514263153 104
1769082980314 0.4845854938030243 105
1769082994861 0.4923340082168579 106
1769083009529 0.4742337167263031 107
1769083024146 0.42842602729797363 108
1769083038899 0.4251132309436798 109
1769083053476 0.42347824573516846 110
1769083068028 0.4416721761226654 111
1769083082565 0.5368217825889587 112
1769083097236 0.438186913728714 113
1769083111815 0.4500713646411896 114
1769083126384 0.4975574314594269 115
1769083141038 0.5112325549125671 116
1769083155605 0.50898677110672 117
1769083170093 0.47560858726501465 118
1769083184519 0.4860682487487793 119
1769083199121 0.39312744140625 120
1769083213816 0.49326980113983154 121
1769083221968 0.49326980113983154 121
