1769081457957 1.0081348419189453 1
1769081474052 1.058130145072937 2
1769081489407 1.2742482423782349 3
1769081504003 0.930565595626831 4
1769081518655 1.258176565170288 5
1769081533166 0.9248483777046204 6
1769081548313 0.9878301620483398 7
1769081563574 1.140993595123291 8
1769081578143 1.651837706565857 9
1769081593463 0.9929666519165039 10
1769081607907 1.0005131959915161 11
1769081622397 0.9043394923210144 12
1769081637678 0.8962395787239075 13
1769081652972 1.0551003217697144 14
1769081667431 0.8958989381790161 15
1769081681941 0.9540468454360962 16
1769081696613 1.0226386785507202 17
1769081711245 1.0255756378173828 18
1769081725810 1.3100687265396118 19
1769081741015 1.063598871231079 20
1769081755629 0.9382249116897583 21
1769081770856 1.0294538736343384 22
1769081785376 1.1204183101654053 23
1769081799942 1.0807631015777588 24
1769081814503 0.947428822517395 25
1769081829680 0.9058783650398254 26
1769081844087 1.0147862434387207 27
1769081858551 0.9954136610031128 28
1769081873128 0.9986273050308228 29
1769081887618 0.9746326804161072 30
1769081902032 0.9739317893981934 31
1769081916722 0.960390567779541 32
1769081931367 0.9111039638519287 33
1769081945883 0.8921146392822266 34
1769081960363 1.1449956893920898 35
1769081974889 0.9140880107879639 36
1769081989333 0.9573224186897278 37
1769082003799 0.9155044555664062 38
1769082018282 1.0232064723968506 39
1769082032765 0.9929500818252563 40
1769082047383 0.9553025960922241 41
1769082061915 0.9345735311508179 42
1769082076519 1.1176283359527588 43
1769082091026 0.8583887815475464 44
1769082105637 0.9715501070022583 45
1769082120088 0.9550185799598694 46
1769082134550 1.0172232389450073 47
1769082149045 1.031857967376709 48
1769082164327 0.99462890625 49
1769082178922 0.9903714656829834 50
1769082193533 0.9747649431228638 51
1769082208002 0.9789110422134399 52
1769082222603 0.9506328105926514 53
1769082237103 0.8512586355209351 54
1769082251672 1.0203588008880615 55
1769082266210 0.8472728133201599 56
1769082280770 0.9062349200248718 57
1769082295265 0.8959638476371765 58
1769082309796 0.9210516214370728 59
1769082324343 0.9930427074432373 60
1769082339036 0.9062535762786865 61
1769082353574 0.8726336359977722 62
1769082368068 0.8272933959960938 63
1769082382653 0.9704402685165405 64
1769082397246 0.8433617353439331 65
1769082411739 0.8967516422271729 66
1769082426876 1.0029596090316772 67
1769082441414 0.9348809719085693 68
1769082456019 0.9665917754173279 69
1769082470549 0.8139933943748474 70
1769082485120 0.9565756916999817 71
1769082499639 0.8717256784439087 72
1769082514184 0.8686155080795288 73
1769082528626 0.963676393032074 74
1769082543164 0.9870487451553345 75
1769082557844 0.9003669619560242 76
1769082572387 0.900985836982727 77
1769082586944 0.9056645631790161 78
1769082601461 0.9231152534484863 79
1769082615928 1.0082899332046509 80
1769082630540 0.8546900749206543 81
1769082645193 0.8876626491546631 82
1769082659763 0.8755733370780945 83
1769082674250 0.9585850238800049 84
1769082688772 1.0494379997253418 85
1769082703224 0.9328451156616211 86
1769082717746 0.860902726650238 87
1769082732279 0.8277788758277893 88
1769082746909 1.007083535194397 89
1769082761478 0.9172836542129517 90
1769082776595 0.8558412790298462 91
1769082791077 0.8271546363830566 92
1769082805657 0.8398082256317139 93
1769082820210 0.9507578611373901 94
1769082834674 0.9168164730072021 95
1769082849187 0.8919863700866699 96
1769082863745 0.9582733511924744 97
1769082878237 0.8726563453674316 98
1769082892724 0.9702860116958618 99
1769082907332 0.8924013376235962 100
1769082921908 1.0567471981048584 101
1769082936515 1.0121746063232422 102
1769082951185 0.8503987789154053 103
1769082965715 1.0365239381790161 104
1769082980314 0.8258025646209717 105
1769082994861 0.8439373970031738 106
1769083009529 0.8351589441299438 107
1769083024146 0.850597620010376 108
1769083038899 0.8318159580230713 109
1769083053476 0.8124521970748901 110
1769083068028 0.8387361764907837 111
1769083082565 0.8653573989868164 112
1769083097236 0.8165539503097534 113
1769083111815 0.8490149974822998 114
1769083126384 0.8295165300369263 115
1769083141038 0.8600626587867737 116
1769083155605 0.8240561485290527 117
1769083170093 0.8403928279876709 118
1769083184519 0.885385274887085 119
1769083199121 0.9036684036254883 120
1769083213816 0.8356155753135681 121
1769083221968 0.8356155753135681 121
