1769102649513 0.025065999999999998 1
1769102684872 0.0 2
1769102712148 0.001059 3
1769102739179 0.229125 4
1769102765562 0.16076600000000002 5
1769102792583 0.42336900000000005 6
1769102818862 0.311647 7
1769102845900 0.479722 8
1769102872723 0.49795700000000004 9
1769102899035 0.49550400000000006 10
1769102925484 0.37224999999999997 11
1769102952412 0.573008 12
1769102978698 0.563172 13
1769103005209 0.506352 14
1769103031908 0.5377040000000001 15
1769103058405 0.5617449999999999 16
1769103085337 0.575242 17
1769103112068 0.52798 18
1769103138492 0.558093 19
1769103165553 0.576154 20
1769103191826 0.565386 21
1769103218232 0.571198 22
1769103244702 0.5342180000000001 23
1769103271654 0.582376 24
1769103297953 0.562508 25
1769103324589 0.579397 26
1769103351889 0.596775 27
1769103378430 0.557938 28
1769103404896 0.590428 29
1769103431679 0.5771919999999999 30
1769103457928 0.5436529999999999 31
1769103484415 0.578188 32
1769103511213 0.597083 33
1769103537578 0.5777129999999999 34
1769103564186 0.570405 35
1769103590685 0.5630850000000001 36
1769103616986 0.583326 37
1769103643999 0.5976349999999999 38
1769103671450 0.6123810000000001 39
1769103697751 0.553501 40
1769103723993 0.592116 41
1769103750281 0.606317 42
1769103776664 0.597931 43
1769103803097 0.5860510000000001 44
1769103829359 0.599067 45
1769103855712 0.607732 46
1769103882001 0.597908 47
1769103908411 0.6055720000000001 48
1769103934792 0.606209 49
1769103961145 0.5986640000000001 50
1769103988286 0.614423 51
1769104015259 0.617362 52
1769104041552 0.610638 53
1769104067776 0.6101650000000001 54
1769104094196 0.6002670000000001 55
1769104120593 0.605044 56
1769104146948 0.608905 57
1769104173244 0.6052850000000001 58
1769104199878 0.604313 59
1769104226801 0.6182230000000001 60
1769104253116 0.591589 61
1769104279614 0.596913 62
1769104306083 0.6160909999999999 63
1769104332596 0.6006 64
1769104358853 0.601618 65
1769104385219 0.605166 66
1769104411682 0.600756 67
1769104438172 0.6052110000000002 68
1769104464498 0.6122609999999999 69
1769104490765 0.6158190000000001 70
1769104517299 0.602722 71
1769104543567 0.600788 72
1769104569807 0.6024459999999999 73
1769104596165 0.611788 74
1769104622641 0.6153000000000001 75
1769104648952 0.599364 76
1769104675404 0.6143890000000001 77
1769104701934 0.6140100000000001 78
1769104728290 0.607144 79
1769104754684 0.613124 80
1769104780928 0.617704 81
1769104807586 0.5980899999999999 82
1769104834017 0.597148 83
1769104860644 0.6017859999999999 84
1769104887007 0.601774 85
1769104913401 0.588442 86
1769104939811 0.607253 87
1769104966070 0.611973 88
1769104992489 0.6149260000000001 89
1769105018900 0.6088070000000001 90
1769105027586 0.6191988939252989 90
