1769102649513 0.02034 1
1769102684872 0.0 2
1769102712148 0.00056 3
1769102739179 0.20183 4
1769102765562 0.13877 5
1769102792583 0.36961 6
1769102818862 0.27099 7
1769102845900 0.42779 8
1769102872723 0.44956 9
1769102899035 0.44662 10
1769102925484 0.32171 11
1769102952412 0.52986 12
1769102978698 0.51775 13
1769103005209 0.45771 14
1769103031908 0.4912 15
1769103058405 0.51591 16
1769103085337 0.53021 17
1769103112068 0.48035 18
1769103138492 0.51217 19
1769103165553 0.53135 20
1769103191826 0.52013 21
1769103218232 0.5261 22
1769103244702 0.48687 23
1769103271654 0.53925 24
1769103297953 0.5178 25
1769103324589 0.53534 26
1769103351889 0.55439 27
1769103378430 0.51193 28
1769103404896 0.54646 29
1769103431679 0.53326 30
1769103457928 0.49609 31
1769103484415 0.53337 32
1769103511213 0.55476 33
1769103537578 0.53409 34
1769103564186 0.52525 35
1769103590685 0.51714 36
1769103616986 0.53892 37
1769103643999 0.55516 38
1769103671450 0.57077 39
1769103697751 0.50631 40
1769103723993 0.54975 41
1769103750281 0.56496 42
1769103776664 0.5558 43
1769103803097 0.54295 44
1769103829359 0.55726 45
1769103855712 0.56576 46
1769103882001 0.55538 47
1769103908411 0.56371 48
1769103934792 0.56539 49
1769103961145 0.55599 50
1769103988286 0.57357 51
1769104015259 0.57688 52
1769104041552 0.56911 53
1769104067776 0.56898 54
1769104094196 0.55772 55
1769104120593 0.56299 56
1769104146948 0.56689 57
1769104173244 0.56288 58
1769104199878 0.56245 59
1769104226801 0.57772 60
1769104253116 0.54801 61
1769104279614 0.55404 62
1769104306083 0.57566 63
1769104332596 0.55881 64
1769104358853 0.55988 65
1769104385219 0.56346 66
1769104411682 0.55875 67
1769104438172 0.56371 68
1769104464498 0.57084 69
1769104490765 0.57471 70
1769104517299 0.56078 71
1769104543567 0.55913 72
1769104569807 0.56068 73
1769104596165 0.57126 74
1769104622641 0.57511 75
1769104648952 0.55759 76
1769104675404 0.5736 77
1769104701934 0.57314 78
1769104728290 0.56602 79
1769104754684 0.57253 80
1769104780928 0.57721 81
1769104807586 0.5559 82
1769104834017 0.55525 83
1769104860644 0.56102 84
1769104887007 0.55943 85
1769104913401 0.54581 86
1769104939811 0.56657 87
1769104966070 0.57163 88
1769104992489 0.57445 89
1769105018900 0.56781 90
1769105027586 0.5788003228691598 90
