1769102649513 0.0676 1
1769102684872 0.0 2
1769102712148 0.00555 3
1769102739179 0.47478 4
1769102765562 0.35873 5
1769102792583 0.9072 6
1769102818862 0.67756 7
1769102845900 0.94711 8
1769102872723 0.93353 9
1769102899035 0.93546 10
1769102925484 0.82711 11
1769102952412 0.96134 12
1769102978698 0.97197 13
1769103005209 0.94413 14
1769103031908 0.95624 15
1769103058405 0.97426 16
1769103085337 0.98053 17
1769103112068 0.95665 18
1769103138492 0.9714 19
1769103165553 0.97939 20
1769103191826 0.97269 21
1769103218232 0.97708 22
1769103244702 0.96035 23
1769103271654 0.97051 24
1769103297953 0.96488 25
1769103324589 0.97591 26
1769103351889 0.97824 27
1769103378430 0.97201 28
1769103404896 0.98614 29
1769103431679 0.97258 30
1769103457928 0.97172 31
1769103484415 0.98155 32
1769103511213 0.97799 33
1769103537578 0.97032 34
1769103564186 0.9768 35
1769103590685 0.97659 36
1769103616986 0.98298 37
1769103643999 0.97991 38
1769103671450 0.98688 39
1769103697751 0.97822 40
1769103723993 0.97341 41
1769103750281 0.97853 42
1769103776664 0.97711 43
1769103803097 0.97396 44
1769103829359 0.97533 45
1769103855712 0.98548 46
1769103882001 0.98066 47
1769103908411 0.98233 48
1769103934792 0.97358 49
1769103961145 0.98273 50
1769103988286 0.9821 51
1769104015259 0.9817 52
1769104041552 0.98439 53
1769104067776 0.98083 54
1769104094196 0.98319 55
1769104120593 0.98353 56
1769104146948 0.98704 57
1769104173244 0.98693 58
1769104199878 0.98108 59
1769104226801 0.98275 60
1769104253116 0.9838 61
1769104279614 0.98277 62
1769104306083 0.97997 63
1769104332596 0.97671 64
1769104358853 0.97726 65
1769104385219 0.98052 66
1769104411682 0.97881 67
1769104438172 0.97872 68
1769104464498 0.98505 69
1769104490765 0.9858 70
1769104517299 0.9802 71
1769104543567 0.97571 72
1769104569807 0.97834 73
1769104596165 0.97654 74
1769104622641 0.97701 75
1769104648952 0.97533 76
1769104675404 0.98149 77
1769104701934 0.98184 78
1769104728290 0.97726 79
1769104754684 0.97847 80
1769104780928 0.98215 81
1769104807586 0.9778 82
1769104834017 0.97423 83
1769104860644 0.96868 84
1769104887007 0.98287 85
1769104913401 0.97213 86
1769104939811 0.9734 87
1769104966070 0.97506 88
1769104992489 0.97921 89
1769105018900 0.97778 90
1769105027586 0.9827860334305507 90
