1769083326431 2.5802433490753174 1
1769083350358 1.7949767112731934 2
1769083374333 1.6665451526641846 3
1769083397326 1.673203468322754 4
1769083420872 1.6189285516738892 5
1769083443697 1.6153082847595215 6
1769083466610 1.6535964012145996 7
1769083489517 1.8976117372512817 8
1769083512366 2.0137290954589844 9
1769083535879 1.606951117515564 10
1769083558715 1.5255317687988281 11
1769083582300 1.3041492700576782 12
1769083605069 1.6381052732467651 13
1769083628638 1.5893949270248413 14
1769083651428 1.4840681552886963 15
1769083674280 1.5986109972000122 16
1769083697678 1.4292998313903809 17
1769083720484 1.5093580484390259 18
1769083743355 1.7925560474395752 19
1769083766275 1.756266713142395 20
1769083789792 1.478410243988037 21
1769083812704 1.3559904098510742 22
1769083835543 1.48344886302948 23
1769083858466 1.3320186138153076 24
1769083881345 1.4948867559432983 25
1769083904142 1.487618327140808 26
1769083926925 1.3169538974761963 27
1769083949788 1.4407886266708374 28
1769083972564 1.3103914260864258 29
1769083995933 1.4226484298706055 30
1769084019431 1.3176283836364746 31
1769084042306 1.3433067798614502 32
1769084065800 1.2705097198486328 33
1769084088615 1.3979326486587524 34
1769084111429 1.5160136222839355 35
1769084134359 1.4281600713729858 36
1769084157171 1.297798991203308 37
1769084180031 1.2842535972595215 38
1769084202845 1.3995862007141113 39
1769084225737 1.3515827655792236 40
1769084248478 1.5452793836593628 41
1769084271298 1.289249300956726 42
1769084294761 1.3846497535705566 43
1769084317672 1.4920344352722168 44
1769084340502 1.3575782775878906 45
1769084363414 1.3057807683944702 46
1769084386216 1.1584535837173462 47
1769084409168 1.0510234832763672 48
1769084431967 1.072995662689209 49
1769084454805 1.3186142444610596 50
1769084478289 1.4060403108596802 51
1769084501130 1.585645318031311 52
1769084524014 1.2264975309371948 53
1769084546952 1.135079026222229 54
1769084569880 1.514311671257019 55
1769084592748 1.3166937828063965 56
1769084615698 1.3268964290618896 57
1769084638563 1.1112037897109985 58
1769084661390 1.0841273069381714 59
1769084684463 1.1951096057891846 60
1769084707346 1.4070121049880981 61
1769084730143 1.0465482473373413 62
1769084752978 1.193123698234558 63
1769084775880 1.0007203817367554 64
1769084798668 1.0486786365509033 65
1769084821740 1.0676233768463135 66
1769084844639 1.1177964210510254 67
1769084867495 1.0941721200942993 68
1769084890490 1.3301266431808472 69
1769084913326 0.9385146498680115 70
1769084936128 1.1617728471755981 71
1769084959022 0.9751957654953003 72
1769084981803 1.0628544092178345 73
1769085004673 1.0875115394592285 74
1769085028228 0.9853922724723816 75
1769085051053 1.072442650794983 76
1769085073796 1.2607661485671997 77
1769085096587 1.015824556350708 78
1769085119526 1.0345402956008911 79
1769085142405 1.164237141609192 80
1769085165201 1.0886191129684448 81
1769085188026 1.1333683729171753 82
1769085211023 1.0304458141326904 83
1769085233865 1.354387879371643 84
1769085256641 1.3428876399993896 85
1769085279498 1.0399011373519897 86
1769085302349 1.133796215057373 87
1769085325208 1.308650016784668 88
1769085348020 1.0893259048461914 89
1769085370834 1.1317896842956543 90
1769085393549 0.9307175874710083 91
1769085416569 0.9676951766014099 92
1769085439370 1.0437771081924438 93
1769085462146 1.203395128250122 94
1769085485121 1.0334241390228271 95
1769085508188 0.784002959728241 96
1769085531035 0.8649722933769226 97
1769085553842 0.9266559481620789 98
1769085576782 0.9626326560974121 99
1769085599707 0.9205793142318726 100
1769085622577 1.2536531686782837 101
1769085645557 0.9690425395965576 102
1769085668437 0.8544511795043945 103
1769085691352 1.139984130859375 104
1769085714162 0.9427559971809387 105
1769085722606 0.9427559971809387 105
