1769083326431 4.835730075836182 1
1769083350358 1.535949468612671 2
1769083374333 1.2313284873962402 3
1769083397326 1.0498125553131104 4
1769083420872 1.3278067111968994 5
1769083443697 0.9803783893585205 6
1769083466610 0.8092752695083618 7
1769083489517 1.0915733575820923 8
1769083512366 1.5948312282562256 9
1769083535879 0.8335071802139282 10
1769083558715 0.773898720741272 11
1769083582300 0.7125380039215088 12
1769083605069 0.9278507828712463 13
1769083628638 0.8273996710777283 14
1769083651428 0.8079776763916016 15
1769083674280 0.6938956379890442 16
1769083697678 0.6485169529914856 17
1769083720484 0.7789351344108582 18
1769083743355 0.8764124512672424 19
1769083766275 0.8134074807167053 20
1769083789792 0.6520232558250427 21
1769083812704 0.7150692343711853 22
1769083835543 0.7153872847557068 23
1769083858466 0.6176382899284363 24
1769083881345 0.647298276424408 25
1769083904142 0.7410742044448853 26
1769083926925 0.6400191783905029 27
1769083949788 0.7556320428848267 28
1769083972564 0.7074486613273621 29
1769083995933 0.6138479709625244 30
1769084019431 0.7190459370613098 31
1769084042306 0.6272382736206055 32
1769084065800 0.9431090950965881 33
1769084088615 0.7881645560264587 34
1769084111429 0.6082369089126587 35
1769084134359 0.7177704572677612 36
1769084157171 0.6350130438804626 37
1769084180031 0.6068567037582397 38
1769084202845 0.5332671403884888 39
1769084225737 0.6394321918487549 40
1769084248478 0.6576622128486633 41
1769084271298 0.7327943444252014 42
1769084294761 0.5199798345565796 43
1769084317672 0.671883225440979 44
1769084340502 0.6063963174819946 45
1769084363414 0.6314851641654968 46
1769084386216 0.5262899994850159 47
1769084409168 0.5046327114105225 48
1769084431967 0.4985513687133789 49
1769084454805 0.5348386168479919 50
1769084478289 0.551758885383606 51
1769084501130 0.719332218170166 52
1769084524014 0.4979897141456604 53
1769084546952 0.586205244064331 54
1769084569880 0.5996114015579224 55
1769084592748 0.5797088742256165 56
1769084615698 0.5326184630393982 57
1769084638563 0.5075886249542236 58
1769084661390 0.47385087609291077 59
1769084684463 0.4834064841270447 60
1769084707346 0.4977419972419739 61
1769084730143 0.4664287269115448 62
1769084752978 0.5431191921234131 63
1769084775880 0.4559129476547241 64
1769084798668 0.5254617929458618 65
1769084821740 0.44958335161209106 66
1769084844639 0.49059438705444336 67
1769084867495 0.4702896475791931 68
1769084890490 0.4888017773628235 69
1769084913326 0.45039647817611694 70
1769084936128 0.47627344727516174 71
1769084959022 0.45466598868370056 72
1769084981803 0.4595656991004944 73
1769085004673 0.45379990339279175 74
1769085028228 0.45735517144203186 75
1769085051053 0.5125793218612671 76
1769085073796 0.5201978087425232 77
1769085096587 0.4305601418018341 78
1769085119526 0.46961709856987 79
1769085142405 0.46120867133140564 80
1769085165201 0.4344703257083893 81
1769085188026 0.4862893223762512 82
1769085211023 0.4569425880908966 83
1769085233865 0.5169575214385986 84
1769085256641 0.5023090243339539 85
1769085279498 0.44640886783599854 86
1769085302349 0.4841639995574951 87
1769085325208 0.6291998624801636 88
1769085348020 0.38615942001342773 89
1769085370834 0.481519877910614 90
1769085393549 0.4141218364238739 91
1769085416569 0.4283522069454193 92
1769085439370 0.4721567630767822 93
1769085462146 0.5103907585144043 94
1769085485121 0.5038020014762878 95
1769085508188 0.39276257157325745 96
1769085531035 0.417165607213974 97
1769085553842 0.3867088854312897 98
1769085576782 0.3732828199863434 99
1769085599707 0.39054203033447266 100
1769085622577 0.5396581292152405 101
1769085645557 0.42990145087242126 102
1769085668437 0.4214150309562683 103
1769085691352 0.44020459055900574 104
1769085714162 0.38076040148735046 105
1769085722606 0.38076040148735046 105
