1769083326431 1.1741368770599365 1
1769083350358 1.149479866027832 2
1769083374333 1.300114631652832 3
1769083397326 0.9318562746047974 4
1769083420872 1.254305124282837 5
1769083443697 0.96146559715271 6
1769083466610 1.0776995420455933 7
1769083489517 1.3010002374649048 8
1769083512366 1.698959469795227 9
1769083535879 1.0545403957366943 10
1769083558715 1.0175474882125854 11
1769083582300 0.9802942872047424 12
1769083605069 1.0642151832580566 13
1769083628638 1.2642017602920532 14
1769083651428 0.9756469130516052 15
1769083674280 1.0460385084152222 16
1769083697678 1.1271135807037354 17
1769083720484 1.1106994152069092 18
1769083743355 1.4482104778289795 19
1769083766275 1.1852154731750488 20
1769083789792 1.012115716934204 21
1769083812704 1.0790326595306396 22
1769083835543 1.2606059312820435 23
1769083858466 1.1647998094558716 24
1769083881345 1.0626064538955688 25
1769083904142 0.9142681360244751 26
1769083926925 1.0752935409545898 27
1769083949788 1.0900827646255493 28
1769083972564 1.0632697343826294 29
1769083995933 1.0976049900054932 30
1769084019431 0.9919698238372803 31
1769084042306 1.071629524230957 32
1769084065800 0.9661766290664673 33
1769084088615 0.9331872463226318 34
1769084111429 1.237460970878601 35
1769084134359 1.0014827251434326 36
1769084157171 1.00067138671875 37
1769084180031 0.9147157073020935 38
1769084202845 1.1106743812561035 39
1769084225737 1.047829270362854 40
1769084248478 0.9539822340011597 41
1769084271298 1.085193395614624 42
1769084294761 1.1939923763275146 43
1769084317672 0.983677864074707 44
1769084340502 1.0103330612182617 45
1769084363414 1.074867844581604 46
1769084386216 1.0453978776931763 47
1769084409168 1.0330110788345337 48
1769084431967 1.0595605373382568 49
1769084454805 1.0355082750320435 50
1769084478289 1.1442248821258545 51
1769084501130 1.2039711475372314 52
1769084524014 0.9825062155723572 53
1769084546952 0.8966913223266602 54
1769084569880 1.159472107887268 55
1769084592748 0.9942845106124878 56
1769084615698 0.9186850786209106 57
1769084638563 0.9219110012054443 58
1769084661390 0.9846096038818359 59
1769084684463 1.0373989343643188 60
1769084707346 0.9603681564331055 61
1769084730143 1.0009535551071167 62
1769084752978 0.9593297839164734 63
1769084775880 0.9430856108665466 64
1769084798668 0.9155686497688293 65
1769084821740 0.9874106645584106 66
1769084844639 1.0718445777893066 67
1769084867495 0.9752813577651978 68
1769084890490 1.091164231300354 69
1769084913326 0.887726902961731 70
1769084936128 1.0751584768295288 71
1769084959022 0.8757514357566833 72
1769084981803 0.96755450963974 73
1769085004673 0.9834425449371338 74
1769085028228 1.0145092010498047 75
1769085051053 1.0329939126968384 76
1769085073796 1.0164449214935303 77
1769085096587 0.9581649899482727 78
1769085119526 0.9383460283279419 79
1769085142405 1.0715211629867554 80
1769085165201 0.8684067726135254 81
1769085188026 0.912732720375061 82
1769085211023 0.8723741769790649 83
1769085233865 0.9895591735839844 84
1769085256641 1.123608112335205 85
1769085279498 1.0022529363632202 86
1769085302349 0.9204291701316833 87
1769085325208 0.8516285419464111 88
1769085348020 1.1312724351882935 89
1769085370834 0.8953306674957275 90
1769085393549 0.9379212856292725 91
1769085416569 0.8981457948684692 92
1769085439370 0.9162166118621826 93
1769085462146 1.0686198472976685 94
1769085485121 0.9828824996948242 95
1769085508188 0.8406322002410889 96
1769085531035 0.9305436611175537 97
1769085553842 0.919008731842041 98
1769085576782 1.0088497400283813 99
1769085599707 0.9175790548324585 100
1769085622577 1.190308690071106 101
1769085645557 1.0604639053344727 102
1769085668437 0.8482288122177124 103
1769085691352 1.1147453784942627 104
1769085714162 0.8688582181930542 105
1769085722606 0.8688582181930542 105
