1769094718756 2.3017492294311523 1
1769094733285 1.8415604829788208 2
1769094748026 1.6625310182571411 3
1769094762767 1.935929775238037 4
1769094777742 1.8405424356460571 5
1769094792215 1.8299742937088013 6
1769094806788 1.6509487628936768 7
1769094821483 1.8286210298538208 8
1769094836140 2.2587637901306152 9
1769094851109 1.5599004030227661 10
1769094865635 1.5691678524017334 11
1769094880349 1.3902840614318848 12
1769094895452 1.6213968992233276 13
1769094909863 1.5028661489486694 14
1769094925030 1.529237985610962 15
1769094939928 1.5371310710906982 16
1769094954614 1.3287103176116943 17
1769094969401 1.5749962329864502 18
1769094984033 1.8011871576309204 19
1769094998651 1.6871424913406372 20
1769095013574 1.4264085292816162 21
1769095028062 1.6121104955673218 22
1769095042823 1.526477336883545 23
1769095057580 1.587120771408081 24
1769095072038 1.4929407835006714 25
1769095086787 1.6950832605361938 26
1769095101696 1.3906294107437134 27
1769095116596 1.714862585067749 28
1769095131025 1.3387136459350586 29
1769095145664 1.245129942893982 30
1769095160271 1.395369052886963 31
1769095174823 1.5230669975280762 32
1769095189430 1.3892728090286255 33
1769095203996 1.2869398593902588 34
1769095218654 1.6989924907684326 35
1769095233371 1.550966739654541 36
1769095248045 1.444977879524231 37
1769095262683 1.439358115196228 38
1769095277290 1.4304842948913574 39
1769095292122 1.4422047138214111 40
1769095306657 1.6335251331329346 41
1769095321116 1.4606224298477173 42
1769095336042 1.4860663414001465 43
1769095350566 1.6924474239349365 44
1769095365115 1.4253709316253662 45
1769095379811 1.558693528175354 46
1769095394464 1.1910178661346436 47
1769095409458 1.2827587127685547 48
1769095423965 1.2523348331451416 49
1769095438757 1.410434365272522 50
1769095453605 1.4213426113128662 51
1769095468166 1.816559076309204 52
1769095482789 1.4158071279525757 53
1769095497548 1.3159328699111938 54
1769095512221 1.456908941268921 55
1769095526808 1.2726304531097412 56
1769095541548 1.5574287176132202 57
1769095556238 1.3354688882827759 58
1769095571051 1.2665997743606567 59
1769095585682 1.3887674808502197 60
1769095600346 1.405075192451477 61
1769095615110 1.0720655918121338 62
1769095629832 1.1053332090377808 63
1769095644232 1.3778605461120605 64
1769095658721 1.0824670791625977 65
1769095673511 1.152132272720337 66
1769095688166 1.3281753063201904 67
1769095702872 1.282100796699524 68
1769095717826 1.5655232667922974 69
1769095732608 1.2139561176300049 70
1769095747268 1.3580892086029053 71
1769095761958 1.193604826927185 72
1769095776504 1.2298682928085327 73
1769095791210 1.3571895360946655 74
1769095805846 1.3920695781707764 75
1769095820528 1.1818031072616577 76
1769095835003 1.3841837644577026 77
1769095849764 1.1725478172302246 78
1769095864440 1.255294680595398 79
1769095878976 1.3395370244979858 80
1769095893731 1.2457081079483032 81
1769095908510 1.2415847778320312 82
1769095923157 1.210782527923584 83
1769095937866 1.4085159301757812 84
1769095952460 1.4476182460784912 85
1769095967151 1.1738201379776 86
1769095981902 1.28531014919281 87
1769095996556 1.8041090965270996 88
1769096011134 1.1968903541564941 89
1769096025868 1.2942276000976562 90
1769096040718 1.1851582527160645 91
1769096055371 1.1092617511749268 92
1769096069932 1.2098852396011353 93
1769096084748 1.4395605325698853 94
1769096099443 1.1679643392562866 95
1769096114158 1.0035200119018555 96
1769096128678 1.0891581773757935 97
1769096143347 1.0109670162200928 98
1769096158106 1.1866017580032349 99
1769096172723 1.1163787841796875 100
1769096180254 1.1163787841796875 100
