1769094718756 7.212136268615723 1
1769094733285 2.3438289165496826 2
1769094748026 1.279113531112671 3
1769094762767 1.3801144361495972 4
1769094777742 1.7528228759765625 5
1769094792215 0.993039071559906 6
1769094806788 0.9381096959114075 7
1769094821483 1.3312108516693115 8
1769094836140 1.450141429901123 9
1769094851109 0.8681143522262573 10
1769094865635 0.8211097121238708 11
1769094880349 0.6875631213188171 12
1769094895452 0.9184073209762573 13
1769094909863 0.811350405216217 14
1769094925030 0.9251331686973572 15
1769094939928 0.7703676223754883 16
1769094954614 0.7470999956130981 17
1769094969401 0.7900528311729431 18
1769094984033 0.9191569685935974 19
1769094998651 0.816786527633667 20
1769095013574 0.7367721199989319 21
1769095028062 0.8404392004013062 22
1769095042823 0.7281273007392883 23
1769095057580 0.6279937624931335 24
1769095072038 0.7186472415924072 25
1769095086787 0.804316520690918 26
1769095101696 0.6954823136329651 27
1769095116596 0.7716172933578491 28
1769095131025 0.6755269169807434 29
1769095145664 0.6579146385192871 30
1769095160271 0.7797159552574158 31
1769095174823 0.6950871348381042 32
1769095189430 0.8730432391166687 33
1769095203996 0.785625159740448 34
1769095218654 0.7433392405509949 35
1769095233371 0.753967821598053 36
1769095248045 0.7847287058830261 37
1769095262683 0.73659747838974 38
1769095277290 0.5933604836463928 39
1769095292122 0.628486156463623 40
1769095306657 0.7162092328071594 41
1769095321116 0.7007654905319214 42
1769095336042 0.6068454384803772 43
1769095350566 0.8735707998275757 44
1769095365115 0.6945374608039856 45
1769095379811 0.6998470425605774 46
1769095394464 0.5243013501167297 47
1769095409458 0.6479339003562927 48
1769095423965 0.683529257774353 49
1769095438757 0.6150270104408264 50
1769095453605 0.6540501117706299 51
1769095468166 0.8651825785636902 52
1769095482789 0.5429559350013733 53
1769095497548 0.6570972204208374 54
1769095512221 0.6064208149909973 55
1769095526808 0.6865549087524414 56
1769095541548 0.6614582538604736 57
1769095556238 0.6001397371292114 58
1769095571051 0.5950348973274231 59
1769095585682 0.5831388235092163 60
1769095600346 0.6023834943771362 61
1769095615110 0.5241800546646118 62
1769095629832 0.5401156544685364 63
1769095644232 0.604210615158081 64
1769095658721 0.5796428322792053 65
1769095673511 0.5230778455734253 66
1769095688166 0.6240681409835815 67
1769095702872 0.6007456183433533 68
1769095717826 0.5952342748641968 69
1769095732608 0.5152137875556946 70
1769095747268 0.5113502740859985 71
1769095761958 0.5447980761528015 72
1769095776504 0.5530706644058228 73
1769095791210 0.5276932120323181 74
1769095805846 0.5548170804977417 75
1769095820528 0.5644457340240479 76
1769095835003 0.5465412735939026 77
1769095849764 0.6344861388206482 78
1769095864440 0.5695912837982178 79
1769095878976 0.5606260895729065 80
1769095893731 0.5058743953704834 81
1769095908510 0.5841255784034729 82
1769095923157 0.5801036953926086 83
1769095937866 0.5914924144744873 84
1769095952460 0.5889312624931335 85
1769095967151 0.5022512674331665 86
1769095981902 0.619104266166687 87
1769095996556 0.9669092297554016 88
1769096011134 0.4825727939605713 89
1769096025868 0.6109745502471924 90
1769096040718 0.5169926285743713 91
1769096055371 0.5427981019020081 92
1769096069932 0.5884076356887817 93
1769096084748 0.6176232695579529 94
1769096099443 0.5686449408531189 95
1769096114158 0.4719930589199066 96
1769096128678 0.5370343923568726 97
1769096143347 0.48249906301498413 98
1769096158106 0.5167728066444397 99
1769096172723 0.46174466609954834 100
1769096180254 0.46174466609954834 100
