1769094718756 1.0947232246398926 1
1769094733285 1.1480482816696167 2
1769094748026 1.3686031103134155 3
1769094762767 1.0155375003814697 4
1769094777742 1.4031463861465454 5
1769094792215 1.0163345336914062 6
1769094806788 1.0838801860809326 7
1769094821483 1.3322631120681763 8
1769094836140 1.810163140296936 9
1769094851109 1.0507574081420898 10
1769094865635 1.0401551723480225 11
1769094880349 1.012784481048584 12
1769094895452 1.0794049501419067 13
1769094909863 1.2535209655761719 14
1769094925030 1.0206539630889893 15
1769094939928 1.0330510139465332 16
1769094954614 1.0657497644424438 17
1769094969401 1.1562392711639404 18
1769094984033 1.4891798496246338 19
1769094998651 1.1369731426239014 20
1769095013574 1.0121867656707764 21
1769095028062 1.1860449314117432 22
1769095042823 1.27167809009552 23
1769095057580 1.2807586193084717 24
1769095072038 1.052941083908081 25
1769095086787 0.9461414813995361 26
1769095101696 1.0986896753311157 27
1769095116596 1.154065728187561 28
1769095131025 1.0901148319244385 29
1769095145664 1.03615403175354 30
1769095160271 0.998231828212738 31
1769095174823 1.12007737159729 32
1769095189430 1.0007870197296143 33
1769095203996 0.9076786041259766 34
1769095218654 1.3654731512069702 35
1769095233371 0.9866368770599365 36
1769095248045 1.0287193059921265 37
1769095262683 0.9377362132072449 38
1769095277290 1.1161198616027832 39
1769095292122 1.1069427728652954 40
1769095306657 0.9940643906593323 41
1769095321116 1.1091992855072021 42
1769095336042 1.236875057220459 43
1769095350566 0.9732368588447571 44
1769095365115 1.0236884355545044 45
1769095379811 1.1601598262786865 46
1769095394464 1.054487705230713 47
1769095409458 1.1041110754013062 48
1769095423965 1.1172661781311035 49
1769095438757 1.0615774393081665 50
1769095453605 1.126558780670166 51
1769095468166 1.3454279899597168 52
1769095482789 1.0703588724136353 53
1769095497548 0.9360411167144775 54
1769095512221 1.1954492330551147 55
1769095526808 0.9664920568466187 56
1769095541548 0.9792447090148926 57
1769095556238 0.9685949087142944 58
1769095571051 1.0158395767211914 59
1769095585682 1.138344645500183 60
1769095600346 0.9382904767990112 61
1769095615110 1.0103894472122192 62
1769095629832 0.9758907556533813 63
1769095644232 1.0353444814682007 64
1769095658721 0.9320284128189087 65
1769095673511 1.0093786716461182 66
1769095688166 1.1809020042419434 67
1769095702872 1.0224711894989014 68
1769095717826 1.1454339027404785 69
1769095732608 0.9260450601577759 70
1769095747268 1.1204637289047241 71
1769095761958 0.9099268913269043 72
1769095776504 1.008000135421753 73
1769095791210 1.0389065742492676 74
1769095805846 1.1697075366973877 75
1769095820528 1.0725584030151367 76
1769095835003 1.057410717010498 77
1769095849764 1.0129799842834473 78
1769095864440 1.02255117893219 79
1769095878976 1.157882809638977 80
1769095893731 0.908851146697998 81
1769095908510 0.9439321756362915 82
1769095923157 0.9333757162094116 83
1769095937866 1.0066783428192139 84
1769095952460 1.206864833831787 85
1769095967151 1.0296199321746826 86
1769095981902 0.9437695741653442 87
1769095996556 0.9244614839553833 88
1769096011134 1.1199606657028198 89
1769096025868 0.9125980138778687 90
1769096040718 0.9871059656143188 91
1769096055371 0.9274934530258179 92
1769096069932 0.9446437358856201 93
1769096084748 1.1043808460235596 94
1769096099443 1.0187245607376099 95
1769096114158 0.8903300762176514 96
1769096128678 1.0052286386489868 97
1769096143347 0.942573070526123 98
1769096158106 1.0543993711471558 99
1769096172723 0.989532470703125 100
1769096180254 0.989532470703125 100
