1769092591288 0.000238 1
1769092600177 0.014999000000000002 2
1769092608297 0.162332 3
1769092616799 0.272004 4
1769092625741 0.301158 5
1769092633826 0.319458 6
1769092641737 0.298756 7
1769092650203 0.35137300000000005 8
1769092658669 0.366364 9
1769092666885 0.407277 10
1769092675327 0.37095599999999995 11
1769092683505 0.37679 12
1769092692236 0.482477 13
1769092700248 0.46242500000000003 14
1769092708693 0.451963 15
1769092717270 0.45405799999999996 16
1769092725548 0.45396800000000004 17
1769092734304 0.500208 18
1769092742348 0.49257 19
1769092750530 0.498306 20
1769092758978 0.49678000000000005 21
1769092767248 0.45676000000000005 22
1769092775767 0.464364 23
1769092784297 0.49956300000000003 24
1769092792545 0.522576 25
1769092801112 0.531046 26
1769092809318 0.5143390000000001 27
1769092817575 0.49689900000000004 28
1769092825719 0.509319 29
1769092834086 0.539166 30
1769092842400 0.49471500000000007 31
1769092850327 0.506781 32
1769092858479 0.520168 33
1769092866698 0.536405 34
1769092874942 0.492527 35
1769092883296 0.522133 36
1769092891726 0.467332 37
1769092900322 0.500921 38
1769092908583 0.499439 39
1769092917290 0.503635 40
1769092925533 0.514269 41
1769092933824 0.501163 42
1769092942133 0.501512 43
1769092950264 0.525595 44
1769092958872 0.538564 45
1769092966949 0.5205740000000001 46
1769092975123 0.506754 47
1769092983460 0.516221 48
1769092991989 0.526333 49
1769093000574 0.5406310000000001 50
1769093008894 0.522632 51
1769093017146 0.529479 52
1769093025453 0.501849 53
1769093033709 0.49239900000000003 54
1769093042080 0.534587 55
1769093050542 0.5434950000000001 56
1769093058705 0.506354 57
1769093067559 0.49315700000000007 58
1769093076023 0.5143690000000001 59
1769093084409 0.555794 60
1769093092894 0.561922 61
1769093101323 0.563829 62
1769093109329 0.561991 63
1769093117592 0.548682 64
1769093125915 0.514741 65
1769093134272 0.515398 66
1769093142612 0.5466580000000001 67
1769093151591 0.568562 68
1769093160179 0.572338 69
1769093168393 0.558753 70
1769093176954 0.5549040000000001 71
1769093185433 0.545785 72
1769093193927 0.545847 73
1769093202450 0.559566 74
1769093210962 0.540779 75
1769093219460 0.5436799999999999 76
1769093227697 0.559301 77
1769093236229 0.5324690000000001 78
1769093244507 0.54567 79
1769093252941 0.545015 80
1769093261384 0.5433190000000001 81
1769093270043 0.536536 82
1769093278445 0.55181 83
1769093286929 0.562193 84
1769093295612 0.553177 85
1769093303753 0.5476160000000001 86
1769093312135 0.553482 87
1769093320528 0.5462140000000001 88
1769093329071 0.53554 89
1769093337585 0.5406200000000001 90
1769093345883 0.525677 91
1769093354539 0.552111 92
1769093362647 0.549308 93
1769093371212 0.539842 94
1769093379396 0.5330050000000001 95
1769093387830 0.539142 96
1769093396254 0.557517 97
1769093404412 0.549963 98
1769093412851 0.53856 99
1769093418987 0.572117407823932 99
