1769092591288 0.00017 1
1769092600177 0.01201 2
1769092608297 0.14067 3
1769092616799 0.23926 4
1769092625741 0.26163 5
1769092633826 0.28111 6
1769092641737 0.25441 7
1769092650203 0.30524 8
1769092658669 0.31938 9
1769092666885 0.35926 10
1769092675327 0.32486 11
1769092683505 0.33215 12
1769092692236 0.43661 13
1769092700248 0.41541 14
1769092708693 0.40626 15
1769092717270 0.40634 16
1769092725548 0.40685 17
1769092734304 0.45565 18
1769092742348 0.44589 19
1769092750530 0.45247 20
1769092758978 0.44996 21
1769092767248 0.40874 22
1769092775767 0.41566 23
1769092784297 0.45426 24
1769092792545 0.47849 25
1769092801112 0.48572 26
1769092809318 0.46855 27
1769092817575 0.45122 28
1769092825719 0.46196 29
1769092834086 0.49421 30
1769092842400 0.44629 31
1769092850327 0.46117 32
1769092858479 0.47412 33
1769092866698 0.49181 34
1769092874942 0.44261 35
1769092883296 0.47582 36
1769092891726 0.41818 37
1769092900322 0.45283 38
1769092908583 0.45191 39
1769092917290 0.45659 40
1769092925533 0.46762 41
1769092933824 0.45427 42
1769092942133 0.45288 43
1769092950264 0.47908 44
1769092958872 0.49353 45
1769092966949 0.47233 46
1769092975123 0.45924 47
1769092983460 0.46987 48
1769092991989 0.48017 49
1769093000574 0.49532 50
1769093008894 0.47555 51
1769093017146 0.48301 52
1769093025453 0.45239 53
1769093033709 0.44356 54
1769093042080 0.48836 55
1769093050542 0.49785 56
1769093058705 0.45717 57
1769093067559 0.44407 58
1769093076023 0.46637 59
1769093084409 0.5111 60
1769093092894 0.51827 61
1769093101323 0.5207 62
1769093109329 0.51881 63
1769093117592 0.50245 64
1769093125915 0.46574 65
1769093134272 0.46742 66
1769093142612 0.50092 67
1769093151591 0.52495 68
1769093160179 0.52902 69
1769093168393 0.5149 70
1769093176954 0.51026 71
1769093185433 0.49953 72
1769093193927 0.50098 73
1769093202450 0.51572 74
1769093210962 0.49486 75
1769093219460 0.49773 76
1769093227697 0.51538 77
1769093236229 0.48647 78
1769093244507 0.50091 79
1769093252941 0.499 80
1769093261384 0.49673 81
1769093270043 0.48925 82
1769093278445 0.50617 83
1769093286929 0.51834 84
1769093295612 0.50775 85
1769093303753 0.50104 86
1769093312135 0.50816 87
1769093320528 0.50021 88
1769093329071 0.48894 89
1769093337585 0.49442 90
1769093345883 0.47811 91
1769093354539 0.5063 92
1769093362647 0.50348 93
1769093371212 0.49349 94
1769093379396 0.4857 95
1769093387830 0.49247 96
1769093396254 0.51293 97
1769093404412 0.50476 98
1769093412851 0.49203 99
1769093418987 0.5287713259772585 99
