1769092591288 0.00085 1
1769092600177 0.0419 2
1769092608297 0.35729 3
1769092616799 0.5667 4
1769092625741 0.65691 5
1769092633826 0.66459 6
1769092641737 0.69787 7
1769092650203 0.76657 8
1769092658669 0.78922 9
1769092666885 0.83943 10
1769092675327 0.78582 11
1769092683505 0.77855 12
1769092692236 0.89528 13
1769092700248 0.88556 14
1769092708693 0.86329 15
1769092717270 0.88352 16
1769092725548 0.87803 17
1769092734304 0.90123 18
1769092742348 0.91269 19
1769092750530 0.91083 20
1769092758978 0.91816 21
1769092767248 0.88894 22
1769092775767 0.9027 23
1769092784297 0.90729 24
1769092792545 0.91935 25
1769092801112 0.93898 26
1769092809318 0.92644 27
1769092817575 0.90801 28
1769092825719 0.93555 29
1769092834086 0.94377 30
1769092842400 0.93054 31
1769092850327 0.91728 32
1769092858479 0.9346 33
1769092866698 0.93776 34
1769092874942 0.94178 35
1769092883296 0.93895 36
1769092891726 0.9097 37
1769092900322 0.93374 38
1769092908583 0.9272 39
1769092917290 0.92704 40
1769092925533 0.93411 41
1769092933824 0.9232 42
1769092942133 0.9392 43
1769092950264 0.94423 44
1769092958872 0.94387 45
1769092966949 0.95477 46
1769092975123 0.93438 47
1769092983460 0.93338 48
1769092991989 0.9418 49
1769093000574 0.94843 50
1769093008894 0.94637 51
1769093017146 0.9477 52
1769093025453 0.94698 53
1769093033709 0.93195 54
1769093042080 0.95063 55
1769093050542 0.9543 56
1769093058705 0.94901 57
1769093067559 0.93494 58
1769093076023 0.94636 59
1769093084409 0.95804 60
1769093092894 0.95479 61
1769093101323 0.95199 62
1769093109329 0.95062 63
1769093117592 0.96477 64
1769093125915 0.95575 65
1769093134272 0.9472 66
1769093142612 0.9583 67
1769093151591 0.96107 68
1769093160179 0.9622 69
1769093168393 0.95343 70
1769093176954 0.9567 71
1769093185433 0.96208 72
1769093193927 0.94965 73
1769093202450 0.95418 74
1769093210962 0.95405 75
1769093219460 0.95723 76
1769093227697 0.95459 77
1769093236229 0.94646 78
1769093244507 0.94851 79
1769093252941 0.95915 80
1769093261384 0.96262 81
1769093270043 0.96211 82
1769093278445 0.96257 83
1769093286929 0.95687 84
1769093295612 0.96202 85
1769093303753 0.9668 86
1769093312135 0.96138 87
1769093320528 0.96025 88
1769093329071 0.95494 89
1769093337585 0.95642 90
1769093345883 0.95378 91
1769093354539 0.96441 92
1769093362647 0.96176 93
1769093371212 0.95701 94
1769093379396 0.95875 95
1769093387830 0.95919 96
1769093396254 0.9588 97
1769093404412 0.95679 98
1769093412851 0.95733 99
1769093418987 0.9622321444439933 99
