1769077426598 2.9097445011138916 1
1769077448340 1.9888935089111328 2
1769077462507 1.6829220056533813 3
1769077477045 2.0588085651397705 4
1769077491625 1.7804943323135376 5
1769077505508 1.6637619733810425 6
1769077520025 1.7100945711135864 7
1769077534360 1.7906099557876587 8
1769077548874 2.2385504245758057 9
1769077563370 1.6263142824172974 10
1769077577746 1.7753269672393799 11
1769077592367 1.1996995210647583 12
1769077606938 1.4753793478012085 13
1769077621010 1.4112972021102905 14
1769077635484 1.4560675621032715 15
1769077650121 1.5192837715148926 16
1769077664859 1.5537383556365967 17
1769077679367 1.4407495260238647 18
1769077693525 1.7132540941238403 19
1769077707817 1.7516160011291504 20
1769077722155 1.2977155447006226 21
1769077736397 1.6213642358779907 22
1769077751124 1.4662429094314575 23
1769077765479 1.7515424489974976 24
1769077779849 1.4422197341918945 25
1769077794570 1.6381841897964478 26
1769077809067 1.4182575941085815 27
1769077823375 1.523689866065979 28
1769077837420 1.3145455121994019 29
1769077851981 1.3134541511535645 30
1769077866402 1.3378386497497559 31
1769077880662 1.3489391803741455 32
1769077894655 1.438680648803711 33
1769077909330 1.2928247451782227 34
1769077923767 1.6995701789855957 35
1769077938198 1.4856494665145874 36
1769077952499 1.4840528964996338 37
1769077966698 1.2417906522750854 38
1769077981073 1.36879301071167 39
1769077995445 1.2361490726470947 40
1769078009576 1.4302656650543213 41
1769078023740 1.521999478340149 42
1769078037878 1.3086248636245728 43
1769078052325 1.4646730422973633 44
1769078066467 1.3367938995361328 45
1769078081051 1.4522323608398438 46
1769078095264 1.076197624206543 47
1769078109590 1.3324615955352783 48
1769078123895 1.1746623516082764 49
1769078138880 1.4034004211425781 50
1769078153130 1.5425665378570557 51
1769078167291 1.4388165473937988 52
1769078181654 1.4859766960144043 53
1769078195824 1.1625794172286987 54
1769078210429 1.5967659950256348 55
1769078224591 1.4617583751678467 56
1769078239042 1.4106682538986206 57
1769078253379 1.1947784423828125 58
1769078267798 1.1226251125335693 59
1769078282181 1.2620669603347778 60
1769078296386 1.4853339195251465 61
1769078310802 1.1916720867156982 62
1769078325154 1.2019307613372803 63
1769078339759 1.1632411479949951 64
1769078353675 0.9996047616004944 65
1769078367941 1.0878372192382812 66
1769078382477 1.2944262027740479 67
1769078396729 1.0265483856201172 68
1769078410963 1.2583856582641602 69
1769078425594 0.9064846038818359 70
1769078439985 1.3822636604309082 71
1769078454300 1.1035879850387573 72
1769078468479 1.1272388696670532 73
1769078482774 1.212341547012329 74
1769078497267 1.0148149728775024 75
1769078511448 0.9879525899887085 76
1769078525941 1.2377406358718872 77
1769078539937 1.315822958946228 78
1769078554128 1.143681287765503 79
1769078568598 1.2181065082550049 80
1769078583173 0.9359167218208313 81
1769078597202 1.2018413543701172 82
1769078611689 1.180436134338379 83
1769078626064 1.4213926792144775 84
1769078640514 1.2971088886260986 85
1769078654812 0.9443190693855286 86
1769078669178 1.2331078052520752 87
1769078683500 1.514219880104065 88
1769078697976 1.0148001909255981 89
1769078712488 1.1445977687835693 90
1769078726878 0.9413119554519653 91
1769078741248 1.016132116317749 92
1769078755529 1.0581912994384766 93
1769078769786 1.2886619567871094 94
1769078777730 1.2886619567871094 94
