1769077426598 7.900321006774902 1
1769077448340 2.279866933822632 2
1769077462507 1.4679784774780273 3
1769077477045 1.4374650716781616 4
1769077491625 1.3056296110153198 5
1769077505508 1.0885791778564453 6
1769077520025 0.9392616748809814 7
1769077534360 1.3277878761291504 8
1769077548874 1.5039509534835815 9
1769077563370 0.8870148062705994 10
1769077577746 0.8805023431777954 11
1769077592367 0.6730070114135742 12
1769077606938 1.009763240814209 13
1769077621010 0.7911711931228638 14
1769077635484 0.9123876690864563 15
1769077650121 0.753577470779419 16
1769077664859 0.6826667785644531 17
1769077679367 0.8019293546676636 18
1769077693525 0.9071865677833557 19
1769077707817 0.9083576202392578 20
1769077722155 0.73349529504776 21
1769077736397 0.8496467471122742 22
1769077751124 0.7757331132888794 23
1769077765479 0.7533487677574158 24
1769077779849 0.7087193131446838 25
1769077794570 0.8087157011032104 26
1769077809067 0.6530233025550842 27
1769077823375 0.7491048574447632 28
1769077837420 0.6347037553787231 29
1769077851981 0.6045454144477844 30
1769077866402 0.7677873373031616 31
1769077880662 0.6781832575798035 32
1769077894655 0.8471164703369141 33
1769077909330 0.7086086869239807 34
1769077923767 0.7046732902526855 35
1769077938198 0.7785815000534058 36
1769077952499 0.7775771617889404 37
1769077966698 0.6172659397125244 38
1769077981073 0.5360394716262817 39
1769077995445 0.6457011699676514 40
1769078009576 0.6201108694076538 41
1769078023740 0.8490309715270996 42
1769078037878 0.5387373566627502 43
1769078052325 0.758006751537323 44
1769078066467 0.6533525586128235 45
1769078081051 0.6834014654159546 46
1769078095264 0.5164206027984619 47
1769078109590 0.5571126341819763 48
1769078123895 0.5831602811813354 49
1769078138880 0.5627703070640564 50
1769078153130 0.5986302495002747 51
1769078167291 0.6223695874214172 52
1769078181654 0.5924298167228699 53
1769078195824 0.6134940385818481 54
1769078210429 0.6059007048606873 55
1769078224591 0.6642293930053711 56
1769078239042 0.5919978022575378 57
1769078253379 0.5256379246711731 58
1769078267798 0.49812570214271545 59
1769078282181 0.4883064031600952 60
1769078296386 0.5280612111091614 61
1769078310802 0.5372208952903748 62
1769078325154 0.5359879732131958 63
1769078339759 0.5077527165412903 64
1769078353675 0.5414249300956726 65
1769078367941 0.5233199596405029 66
1769078382477 0.5592693090438843 67
1769078396729 0.5017690062522888 68
1769078410963 0.5267769694328308 69
1769078425594 0.45045775175094604 70
1769078439985 0.5129314064979553 71
1769078454300 0.5007066130638123 72
1769078468479 0.4995690584182739 73
1769078482774 0.49715688824653625 74
1769078497267 0.46925580501556396 75
1769078511448 0.450540691614151 76
1769078525941 0.5968494415283203 77
1769078539937 0.5900136828422546 78
1769078554128 0.52817702293396 79
1769078568598 0.5043531060218811 80
1769078583173 0.4653850793838501 81
1769078597202 0.5799074769020081 82
1769078611689 0.5218327045440674 83
1769078626064 0.5607241988182068 84
1769078640514 0.5489338040351868 85
1769078654812 0.422250360250473 86
1769078669178 0.5337945222854614 87
1769078683500 0.7247860431671143 88
1769078697976 0.44749221205711365 89
1769078712488 0.5679754614830017 90
1769078726878 0.4663155972957611 91
1769078741248 0.4462432265281677 92
1769078755529 0.47108256816864014 93
1769078769786 0.5899994373321533 94
1769078777730 0.5899994373321533 94
