1769077426598 1.2696034908294678 1
1769077448340 1.1772356033325195 2
1769077462507 1.349940538406372 3
1769077477045 1.0614259243011475 4
1769077491625 1.361875057220459 5
1769077505508 0.9837886691093445 6
1769077520025 1.1222732067108154 7
1769077534360 1.279493808746338 8
1769077548874 1.9519126415252686 9
1769077563370 1.0560321807861328 10
1769077577746 1.0746620893478394 11
1769077592367 0.9446558952331543 12
1769077606938 1.0287014245986938 13
1769077621010 1.2268033027648926 14
1769077635484 0.9816230535507202 15
1769077650121 1.033730149269104 16
1769077664859 1.1591500043869019 17
1769077679367 1.1086199283599854 18
1769077693525 1.3825304508209229 19
1769077707817 1.1594370603561401 20
1769077722155 0.9671682119369507 21
1769077736397 1.2144196033477783 22
1769077751124 1.2951858043670654 23
1769077765479 1.3667879104614258 24
1769077779849 1.0205155611038208 25
1769077794570 0.9485094547271729 26
1769077809067 1.1332287788391113 27
1769077823375 1.0951151847839355 28
1769077837420 1.0563724040985107 29
1769077851981 1.0574060678482056 30
1769077866402 0.9876782298088074 31
1769077880662 1.088573932647705 32
1769077894655 0.9880386590957642 33
1769077909330 0.9275599718093872 34
1769077923767 1.325578212738037 35
1769077938198 0.9811375737190247 36
1769077952499 1.0600159168243408 37
1769077966698 0.9060227870941162 38
1769077981073 1.1012979745864868 39
1769077995445 1.0306719541549683 40
1769078009576 0.9262586832046509 41
1769078023740 1.1114282608032227 42
1769078037878 1.1325056552886963 43
1769078052325 0.9818735122680664 44
1769078066467 0.9875609874725342 45
1769078081051 1.1090168952941895 46
1769078095264 1.0285379886627197 47
1769078109590 1.1469659805297852 48
1769078123895 1.0747435092926025 49
1769078138880 1.0755733251571655 50
1769078153130 1.1324447393417358 51
1769078167291 1.15712308883667 52
1769078181654 1.1352132558822632 53
1769078195824 0.9059063196182251 54
1769078210429 1.2032153606414795 55
1769078224591 1.0288056135177612 56
1769078239042 0.9270477890968323 57
1769078253379 0.9421002864837646 58
1769078267798 0.9767712950706482 59
1769078282181 1.0684393644332886 60
1769078296386 0.962875247001648 61
1769078310802 1.0194967985153198 62
1769078325154 0.9751007556915283 63
1769078339759 0.9914693832397461 64
1769078353675 0.904184103012085 65
1769078367941 0.9715277552604675 66
1769078382477 1.148693323135376 67
1769078396729 0.9550576210021973 68
1769078410963 1.0577540397644043 69
1769078425594 0.8861069083213806 70
1769078439985 1.1416707038879395 71
1769078454300 0.8954744338989258 72
1769078468479 0.9671247005462646 73
1769078482774 0.9824085235595703 74
1769078497267 1.0180732011795044 75
1769078511448 0.9959399700164795 76
1769078525941 0.9978342056274414 77
1769078539937 1.0552281141281128 78
1769078554128 1.0223451852798462 79
1769078568598 1.0748028755187988 80
1769078583173 0.8383926153182983 81
1769078597202 0.9467684626579285 82
1769078611689 0.9235968589782715 83
1769078626064 0.9902498722076416 84
1769078640514 1.1478543281555176 85
1769078654812 0.9598841667175293 86
1769078669178 0.9447300434112549 87
1769078683500 0.8719809651374817 88
1769078697976 1.0755687952041626 89
1769078712488 0.8919605612754822 90
1769078726878 0.9299957156181335 91
1769078741248 0.9032701849937439 92
1769078755529 0.9237971305847168 93
1769078769786 1.0982248783111572 94
1769078777730 1.0982248783111572 94
