1769096289421 0.054737999999999995 1
1769096311201 0.235596 2
1769096332883 0.30908199999999997 3
1769096354626 0.422184 4
1769096376100 0.444287 5
1769096397690 0.510984 6
1769096419208 0.557307 7
1769096440369 0.507405 8
1769096461549 0.47924500000000003 9
1769096482701 0.5238 10
1769096504174 0.563443 11
1769096525653 0.571356 12
1769096547099 0.573935 13
1769096568571 0.582107 14
1769096590044 0.5923029999999999 15
1769096611245 0.540405 16
1769096632518 0.521004 17
1769096653718 0.5796589999999999 18
1769096675052 0.5572480000000001 19
1769096696391 0.5827789999999999 20
1769096717700 0.588508 21
1769096738873 0.546288 22
1769096760047 0.576027 23
1769096781215 0.587778 24
1769096802394 0.5886669999999999 25
1769096823793 0.615016 26
1769096844954 0.6061350000000001 27
1769096866240 0.5948869999999999 28
1769096887496 0.600974 29
1769096908845 0.5955990000000001 30
1769096929986 0.5925690000000001 31
1769096951187 0.5878530000000001 32
1769096972693 0.616886 33
1769096993834 0.6063320000000001 34
1769097015137 0.589959 35
1769097036530 0.5852890000000001 36
1769097057687 0.5645199999999999 37
1769097078860 0.5773429999999999 38
1769097100168 0.6103479999999999 39
1769097121303 0.604444 40
1769097142522 0.6073950000000001 41
1769097163697 0.612505 42
1769097185077 0.6167260000000001 43
1769097206447 0.602249 44
1769097227599 0.5975790000000001 45
1769097248813 0.584696 46
1769097270012 0.601077 47
1769097291256 0.609988 48
1769097312450 0.589686 49
1769097333641 0.6107349999999999 50
1769097354888 0.596606 51
1769097376283 0.600297 52
1769097397469 0.602375 53
1769097418674 0.607515 54
1769097440198 0.6175600000000001 55
1769097461391 0.609486 56
1769097482568 0.5874269999999999 57
1769097503833 0.600708 58
1769097525117 0.6080320000000001 59
1769097546253 0.601835 60
1769097567487 0.615257 61
1769097589131 0.61821 62
1769097610667 0.6244900000000001 63
1769097631891 0.609615 64
1769097653105 0.59814 65
1769097674485 0.604806 66
1769097695688 0.6113230000000001 67
1769097717025 0.6100380000000001 68
1769097738273 0.6208089999999999 69
1769097759522 0.60999 70
1769097780856 0.611181 71
1769097802239 0.615086 72
1769097823573 0.6096330000000001 73
1769097844856 0.595558 74
1769097866124 0.603624 75
1769097887508 0.605281 76
1769097908847 0.610773 77
1769097930008 0.6105780000000001 78
1769097951249 0.6066450000000001 79
1769097972671 0.6069939999999999 80
1769097993947 0.591303 81
1769098015319 0.585755 82
1769098036556 0.609945 83
1769098057890 0.61386 84
1769098079043 0.612152 85
1769098100279 0.60586 86
1769098121521 0.611657 87
1769098142821 0.6111080000000001 88
1769098164081 0.615087 89
1769098185315 0.6143740000000001 90
1769098206635 0.6166 91
1769098227890 0.61036 92
1769098249081 0.615834 93
1769098257937 0.624764131699359 93
