1769096289421 0.04862 1
1769096311201 0.20772 2
1769096332883 0.26087 3
1769096354626 0.37309 4
1769096376100 0.39565 5
1769096397690 0.46373 6
1769096419208 0.5113 7
1769096440369 0.45937 8
1769096461549 0.42901 9
1769096482701 0.47424 10
1769096504174 0.51803 11
1769096525653 0.52748 12
1769096547099 0.53016 13
1769096568571 0.53781 14
1769096590044 0.54902 15
1769096611245 0.49313 16
1769096632518 0.47215 17
1769096653718 0.53533 18
1769096675052 0.51043 19
1769096696391 0.53908 20
1769096717700 0.54508 21
1769096738873 0.49946 22
1769096760047 0.53184 23
1769096781215 0.54417 24
1769096802394 0.54541 25
1769096823793 0.57402 26
1769096844954 0.56514 27
1769096866240 0.5524 28
1769096887496 0.55845 29
1769096908845 0.55283 30
1769096929986 0.54973 31
1769096951187 0.54483 32
1769096972693 0.57668 33
1769096993834 0.56503 34
1769097015137 0.54714 35
1769097036530 0.54151 36
1769097057687 0.51935 37
1769097078860 0.5324 38
1769097100168 0.56983 39
1769097121303 0.56266 40
1769097142522 0.56576 41
1769097163697 0.57102 42
1769097185077 0.57632 43
1769097206447 0.56086 44
1769097227599 0.55554 45
1769097248813 0.54126 46
1769097270012 0.55848 47
1769097291256 0.56863 48
1769097312450 0.54629 49
1769097333641 0.56929 50
1769097354888 0.55379 51
1769097376283 0.5579 52
1769097397469 0.56021 53
1769097418674 0.56597 54
1769097440198 0.57676 55
1769097461391 0.56792 56
1769097482568 0.54297 57
1769097503833 0.55783 58
1769097525117 0.56606 59
1769097546253 0.55885 60
1769097567487 0.57391 61
1769097589131 0.57753 62
1769097610667 0.58425 63
1769097631891 0.568 64
1769097653105 0.55483 65
1769097674485 0.56248 66
1769097695688 0.57012 67
1769097717025 0.56832 68
1769097738273 0.57983 69
1769097759522 0.56807 70
1769097780856 0.56937 71
1769097802239 0.57418 72
1769097823573 0.56798 73
1769097844856 0.55235 74
1769097866124 0.56135 75
1769097887508 0.56397 76
1769097908847 0.56962 77
1769097930008 0.56928 78
1769097951249 0.56448 79
1769097972671 0.56539 80
1769097993947 0.54805 81
1769098015319 0.54171 82
1769098036556 0.56845 83
1769098057890 0.57253 84
1769098079043 0.5707 85
1769098100279 0.56407 86
1769098121521 0.56999 87
1769098142821 0.56989 88
1769098164081 0.57433 89
1769098185315 0.57379 90
1769098206635 0.57608 91
1769098227890 0.56907 92
1769098249081 0.57505 93
1769098257937 0.5845589852823484 93
