1769096289421 0.1098 1
1769096311201 0.48648 2
1769096332883 0.74299 3
1769096354626 0.86403 4
1769096376100 0.88202 5
1769096397690 0.93627 6
1769096419208 0.97137 7
1769096440369 0.93972 8
1769096461549 0.93136 9
1769096482701 0.96984 10
1769096504174 0.97216 11
1769096525653 0.96624 12
1769096547099 0.96791 13
1769096568571 0.98078 14
1769096590044 0.98185 15
1769096611245 0.96588 16
1769096632518 0.96069 17
1769096653718 0.97862 18
1769096675052 0.97861 19
1769096696391 0.97607 20
1769096717700 0.97936 21
1769096738873 0.96774 22
1769096760047 0.97371 23
1769096781215 0.98025 24
1769096802394 0.97798 25
1769096823793 0.98398 26
1769096844954 0.97509 27
1769096866240 0.97727 28
1769096887496 0.98369 29
1769096908845 0.98052 30
1769096929986 0.97812 31
1769096951187 0.97506 32
1769096972693 0.97874 33
1769096993834 0.97805 34
1769097015137 0.97533 35
1769097036530 0.9793 36
1769097057687 0.97105 37
1769097078860 0.98183 38
1769097100168 0.97501 39
1769097121303 0.9805 40
1769097142522 0.98211 41
1769097163697 0.98587 42
1769097185077 0.98038 43
1769097206447 0.97475 44
1769097227599 0.97593 45
1769097248813 0.97562 46
1769097270012 0.98445 47
1769097291256 0.98221 48
1769097312450 0.98025 49
1769097333641 0.98374 50
1769097354888 0.98195 51
1769097376283 0.98187 52
1769097397469 0.98186 53
1769097418674 0.98142 54
1769097440198 0.98476 55
1769097461391 0.98358 56
1769097482568 0.98754 57
1769097503833 0.98661 58
1769097525117 0.98578 59
1769097546253 0.9887 60
1769097567487 0.98738 61
1769097589131 0.98433 62
1769097610667 0.98665 63
1769097631891 0.98415 64
1769097653105 0.98793 65
1769097674485 0.98574 66
1769097695688 0.98215 67
1769097717025 0.9855 68
1769097738273 0.98962 69
1769097759522 0.98727 70
1769097780856 0.98748 71
1769097802239 0.98324 72
1769097823573 0.98451 73
1769097844856 0.98443 74
1769097866124 0.98409 75
1769097887508 0.97708 76
1769097908847 0.98115 77
1769097930008 0.98226 78
1769097951249 0.98613 79
1769097972671 0.98143 80
1769097993947 0.98058 81
1769098015319 0.98216 82
1769098036556 0.9834 83
1769098057890 0.98583 84
1769098079043 0.98522 85
1769098100279 0.98197 86
1769098121521 0.98666 87
1769098142821 0.98207 88
1769098164081 0.9819 89
1769098185315 0.97963 90
1769098206635 0.98128 91
1769098227890 0.98197 92
1769098249081 0.98289 93
1769098257937 0.9866104494524541 93
