1769093515759 2.509099245071411 1
1769093526612 2.2807278633117676 2
1769093537280 1.8799294233322144 3
1769093548115 2.0096468925476074 4
1769093559487 2.0896217823028564 5
1769093569693 1.7829777002334595 6
1769093580897 1.6096370220184326 7
1769093591476 1.659718632698059 8
1769093602491 2.479419231414795 9
1769093613346 1.6352976560592651 10
1769093624547 1.6745150089263916 11
1769093635541 1.440672516822815 12
1769093646608 1.756473422050476 13
1769093657397 1.4480732679367065 14
1769093668606 1.474012851715088 15
1769093679502 1.6157535314559937 16
1769093690251 1.5227569341659546 17
1769093701251 1.5809247493743896 18
1769093711972 1.8725794553756714 19
1769093723018 1.8956964015960693 20
1769093733786 1.6053190231323242 21
1769093744561 1.541996717453003 22
1769093755594 1.641149878501892 23
1769093766937 1.9077311754226685 24
1769093777388 1.5569179058074951 25
1769093788369 1.70624840259552 26
1769093799314 1.588671088218689 27
1769093810306 1.5521174669265747 28
1769093820819 1.6608607769012451 29
1769093831476 1.2284598350524902 30
1769093842581 1.3836817741394043 31
1769093853048 1.4548512697219849 32
1769093863561 1.5411102771759033 33
1769093874364 1.5688652992248535 34
1769093885350 2.0365004539489746 35
1769093896272 1.6515635251998901 36
1769093907101 1.550463080406189 37
1769093918222 1.4432146549224854 38
1769093928649 1.3283472061157227 39
1769093939608 1.4885376691818237 40
1769093950484 1.6960866451263428 41
1769093961384 1.2962725162506104 42
1769093971828 1.5020173788070679 43
1769093982561 1.6187831163406372 44
1769093993751 1.5883686542510986 45
1769094004562 1.6131131649017334 46
1769094015243 1.3155207633972168 47
1769094026113 1.4921516180038452 48
1769094037008 1.3163789510726929 49
1769094048070 1.5313005447387695 50
1769094059182 1.428378701210022 51
1769094069766 1.8519526720046997 52
1769094080636 1.5636307001113892 53
1769094091478 1.2914506196975708 54
1769094102630 1.5708640813827515 55
1769094113150 1.5628268718719482 56
1769094124228 1.6732680797576904 57
1769094135517 1.3270500898361206 58
1769094146558 1.278049349784851 59
1769094157168 1.5800426006317139 60
1769094167966 1.4167946577072144 61
1769094178942 1.0652765035629272 62
1769094189540 1.237128734588623 63
1769094200548 1.4125512838363647 64
1769094211174 1.271143913269043 65
1769094222190 1.168111801147461 66
1769094233098 1.1886202096939087 67
1769094243838 1.2921664714813232 68
1769094254874 1.4269028902053833 69
1769094265596 0.9632399082183838 70
1769094277171 1.3591866493225098 71
1769094287676 1.2743933200836182 72
1769094298440 1.3557581901550293 73
1769094309240 1.511465311050415 74
1769094320106 1.3148386478424072 75
1769094331087 1.466013789176941 76
1769094341700 1.458755612373352 77
1769094352833 1.2262836694717407 78
1769094363440 1.5405067205429077 79
1769094374233 1.4278264045715332 80
1769094385241 1.2496259212493896 81
1769094396142 1.2301914691925049 82
1769094407099 1.4174245595932007 83
1769094418101 1.6742604970932007 84
1769094429313 1.4633575677871704 85
1769094439750 1.0234860181808472 86
1769094450590 1.1939507722854614 87
1769094461457 2.0370075702667236 88
1769094472535 1.3950201272964478 89
1769094483361 1.383352518081665 90
1769094494283 1.0716686248779297 91
1769094505462 1.313766360282898 92
1769094515767 1.276296615600586 93
1769094526858 1.4700955152511597 94
1769094537647 1.096258521080017 95
1769094548633 1.11994206905365 96
1769094559405 1.189384937286377 97
1769094570313 0.8810051083564758 98
1769094581347 1.1962662935256958 99
1769094591879 1.2520198822021484 100
1769094602836 1.4859693050384521 101
1769094609619 1.4859693050384521 101
