1769093515759 8.000728607177734 1
1769093526612 2.755519151687622 2
1769093537280 1.793690800666809 3
1769093548115 1.6555938720703125 4
1769093559487 1.8661603927612305 5
1769093569693 1.400118350982666 6
1769093580897 0.9274506568908691 7
1769093591476 1.2678297758102417 8
1769093602491 2.263199806213379 9
1769093613346 0.90012526512146 10
1769093624547 0.9380792379379272 11
1769093635541 0.7516990303993225 12
1769093646608 1.151533603668213 13
1769093657397 0.8717324137687683 14
1769093668606 1.0207527875900269 15
1769093679502 0.8597971796989441 16
1769093690251 0.82181316614151 17
1769093701251 0.8927158713340759 18
1769093711972 1.1114089488983154 19
1769093723018 1.0158865451812744 20
1769093733786 0.8950262069702148 21
1769093744561 0.7337750792503357 22
1769093755594 0.7159489393234253 23
1769093766937 0.8186597228050232 24
1769093777388 0.8111766576766968 25
1769093788369 0.9487390518188477 26
1769093799314 0.7318835854530334 27
1769093810306 0.802751362323761 28
1769093820819 0.8107492327690125 29
1769093831476 0.6773427128791809 30
1769093842581 0.8221451044082642 31
1769093853048 0.7569414973258972 32
1769093863561 0.9294338822364807 33
1769093874364 0.8211771249771118 34
1769093885350 0.8660011887550354 35
1769093896272 0.9134176969528198 36
1769093907101 0.913746178150177 37
1769093918222 0.7233052253723145 38
1769093928649 0.6043466925621033 39
1769093939608 0.7155203223228455 40
1769093950484 0.9094469547271729 41
1769093961384 0.9126639366149902 42
1769093971828 0.773384690284729 43
1769093982561 0.9099059700965881 44
1769093993751 0.7200793623924255 45
1769094004562 0.8742786049842834 46
1769094015243 0.6237246990203857 47
1769094026113 0.6853899359703064 48
1769094037008 0.6508855819702148 49
1769094048070 0.6541292667388916 50
1769094059182 0.7438197135925293 51
1769094069766 0.8722928762435913 52
1769094080636 0.7713481783866882 53
1769094091478 0.7118930816650391 54
1769094102630 0.6541680097579956 55
1769094113150 0.7414458394050598 56
1769094124228 0.6656001806259155 57
1769094135517 0.6194660663604736 58
1769094146558 0.6167172193527222 59
1769094157168 0.6876356601715088 60
1769094167966 0.6476176977157593 61
1769094178942 0.5571256875991821 62
1769094189540 0.6142164468765259 63
1769094200548 0.5743616223335266 64
1769094211174 0.665939450263977 65
1769094222190 0.5832955837249756 66
1769094233098 0.5580778121948242 67
1769094243838 0.5555026531219482 68
1769094254874 0.6349382400512695 69
1769094265596 0.5675690174102783 70
1769094277171 0.5147935748100281 71
1769094287676 0.6033112406730652 72
1769094298440 0.5880089998245239 73
1769094309240 0.6170601844787598 74
1769094320106 0.5462595224380493 75
1769094331087 0.6963375806808472 76
1769094341700 0.7115554213523865 77
1769094352833 0.6692573428153992 78
1769094363440 0.6320388913154602 79
1769094374233 0.613906741142273 80
1769094385241 0.5457969307899475 81
1769094396142 0.631367027759552 82
1769094407099 0.595977783203125 83
1769094418101 0.6980581283569336 84
1769094429313 0.6172747015953064 85
1769094439750 0.5094016790390015 86
1769094450590 0.5740021467208862 87
1769094461457 0.9676393866539001 88
1769094472535 0.5441296100616455 89
1769094483361 0.7726050615310669 90
1769094494283 0.5329462885856628 91
1769094505462 0.6080319881439209 92
1769094515767 0.6129967570304871 93
1769094526858 0.654495120048523 94
1769094537647 0.5664519667625427 95
1769094548633 0.528903067111969 96
1769094559405 0.5592765808105469 97
1769094570313 0.489646852016449 98
1769094581347 0.507347047328949 99
1769094591879 0.5433212518692017 100
1769094602836 0.7837246060371399 101
1769094609619 0.7837246060371399 101
