1769093515759 1.0882049798965454 1
1769093526612 1.1054797172546387 2
1769093537280 1.2298321723937988 3
1769093548115 0.9383631348609924 4
1769093559487 1.356886863708496 5
1769093569693 0.9426235556602478 6
1769093580897 0.980105996131897 7
1769093591476 1.135380744934082 8
1769093602491 1.72135329246521 9
1769093613346 1.0086426734924316 10
1769093624547 0.9925666451454163 11
1769093635541 0.8929625749588013 12
1769093646608 0.9337215423583984 13
1769093657397 1.126603126525879 14
1769093668606 0.9049053192138672 15
1769093679502 0.9822070598602295 16
1769093690251 1.0354403257369995 17
1769093701251 1.0207087993621826 18
1769093711972 1.300802230834961 19
1769093723018 1.0726473331451416 20
1769093733786 0.9614548683166504 21
1769093744561 1.0582411289215088 22
1769093755594 1.2034177780151367 23
1769093766937 1.2717273235321045 24
1769093777388 0.9039321541786194 25
1769093788369 0.8880019783973694 26
1769093799314 1.0729762315750122 27
1769093810306 0.9352693557739258 28
1769093820819 1.074392557144165 29
1769093831476 0.9422214031219482 30
1769093842581 0.9499871134757996 31
1769093853048 0.9984608888626099 32
1769093863561 0.9096271991729736 33
1769093874364 0.9069448709487915 34
1769093885350 1.27295982837677 35
1769093896272 0.9377194046974182 36
1769093907101 0.953364908695221 37
1769093918222 0.9265965223312378 38
1769093928649 1.0256965160369873 39
1769093939608 1.0413991212844849 40
1769093950484 0.9435797929763794 41
1769093961384 0.934141993522644 42
1769093971828 1.062948226928711 43
1769093982561 0.8465908765792847 44
1769093993751 0.9606513977050781 45
1769094004562 0.9926143884658813 46
1769094015243 1.0377963781356812 47
1769094026113 1.0648483037948608 48
1769094037008 0.973497211933136 49
1769094048070 0.970083475112915 50
1769094059182 0.9486101865768433 51
1769094069766 1.154896855354309 52
1769094080636 1.0193816423416138 53
1769094091478 0.8608313798904419 54
1769094102630 1.0648956298828125 55
1769094113150 0.8734848499298096 56
1769094124228 0.9373481273651123 57
1769094135517 0.8997738361358643 58
1769094146558 0.9399011135101318 59
1769094157168 1.0309720039367676 60
1769094167966 0.8754382133483887 61
1769094178942 0.8606380224227905 62
1769094189540 0.8622616529464722 63
1769094200548 0.9918335676193237 64
1769094211174 0.8703219890594482 65
1769094222190 0.9285659790039062 66
1769094233098 0.9714932441711426 67
1769094243838 0.9282801151275635 68
1769094254874 0.9675169587135315 69
1769094265596 0.8196166753768921 70
1769094277171 0.9615072011947632 71
1769094287676 0.8656591773033142 72
1769094298440 0.900788426399231 73
1769094309240 0.9938487410545349 74
1769094320106 1.0232665538787842 75
1769094331087 1.0128276348114014 76
1769094341700 0.9402739405632019 77
1769094352833 0.9250590205192566 78
1769094363440 1.0174401998519897 79
1769094374233 1.0206995010375977 80
1769094385241 0.8840823173522949 81
1769094396142 0.8918958902359009 82
1769094407099 0.9041372537612915 83
1769094418101 0.9331710934638977 84
1769094429313 1.1164798736572266 85
1769094439750 0.9211277961730957 86
1769094450590 0.8903490900993347 87
1769094461457 0.8377416133880615 88
1769094472535 1.0837980508804321 89
1769094483361 0.9152051210403442 90
1769094494283 0.8399890661239624 91
1769094505462 0.8659542798995972 92
1769094515767 0.8710215091705322 93
1769094526858 1.00140380859375 94
1769094537647 0.9451155662536621 95
1769094548633 0.8930026888847351 96
1769094559405 0.9728251695632935 97
1769094570313 0.8748244047164917 98
1769094581347 1.018674612045288 99
1769094591879 0.9295315742492676 100
1769094602836 1.1311264038085938 101
1769094609619 1.1311264038085938 101
