1769076624370 2.662264585494995 1
1769076636124 2.536515474319458 2
1769076646398 1.9049546718597412 3
1769076657111 2.380293846130371 4
1769076668187 2.007645845413208 5
1769076678424 1.8394265174865723 6
1769076689598 1.736016035079956 7
1769076700101 1.8428728580474854 8
1769076711223 2.4395482540130615 9
1769076721837 1.7043973207473755 10
1769076732387 1.59018874168396 11
1769076743176 1.443922519683838 12
1769076754196 1.7606322765350342 13
1769076764570 1.481837272644043 14
1769076775597 1.740412950515747 15
1769076786793 1.5714046955108643 16
1769076798166 1.4441148042678833 17
1769076808346 1.4753302335739136 18
1769076819041 2.006277322769165 19
1769076829858 2.0735011100769043 20
1769076840443 1.4132829904556274 21
1769076851109 1.685718059539795 22
1769076861978 1.4602179527282715 23
1769076872725 1.785986304283142 24
1769076883211 1.5045461654663086 25
1769076894639 1.826029658317566 26
1769076905109 1.4210776090621948 27
1769076916754 1.5322881937026978 28
1769076926795 1.4308691024780273 29
1769076937351 1.1728605031967163 30
1769076948022 1.489258050918579 31
1769076958722 1.448272705078125 32
1769076969103 1.6344517469406128 33
1769076980107 1.5230454206466675 34
1769076990949 1.9066143035888672 35
1769077001649 1.647836685180664 36
1769077012025 1.4197522401809692 37
1769077022914 1.5052515268325806 38
1769077033357 1.5523500442504883 39
1769077044122 1.4630045890808105 40
1769077054868 1.6865301132202148 41
1769077065297 1.3957953453063965 42
1769077076107 1.4534575939178467 43
1769077086850 1.6008305549621582 44
1769077097667 1.574560523033142 45
1769077108107 1.4974863529205322 46
1769077118819 1.1864784955978394 47
1769077129626 1.3425159454345703 48
1769077140674 1.4275561571121216 49
1769077151623 1.5697606801986694 50
1769077162140 1.5761014223098755 51
1769077172838 1.7073146104812622 52
1769077183446 1.5776081085205078 53
1769077194153 1.290979027748108 54
1769077204792 1.4376332759857178 55
1769077215474 1.2395254373550415 56
1769077226202 1.694593906402588 57
1769077237084 1.2745853662490845 58
1769077248270 1.4742740392684937 59
1769077258800 1.3455047607421875 60
1769077269568 1.4203730821609497 61
1769077280613 1.0122559070587158 62
1769077290843 1.0930604934692383 63
1769077301532 1.2807456254959106 64
1769077311969 1.2346550226211548 65
1769077318886 1.2346550226211548 65
