1769076624370 9.614218711853027 1
1769076636124 2.7498092651367188 2
1769076646398 1.6411702632904053 3
1769076657111 1.9658359289169312 4
1769076668187 1.5970231294631958 5
1769076678424 1.3595044612884521 6
1769076689598 0.929469883441925 7
1769076700101 1.2294427156448364 8
1769076711223 2.014148235321045 9
1769076721837 0.9047048687934875 10
1769076732387 0.8341829180717468 11
1769076743176 0.7781078219413757 12
1769076754196 1.0651285648345947 13
1769076764570 0.8140288591384888 14
1769076775597 1.0629411935806274 15
1769076786793 0.7911282777786255 16
1769076798166 0.6952453851699829 17
1769076808346 0.8469289541244507 18
1769076819041 1.099375605583191 19
1769076829858 1.0888400077819824 20
1769076840443 0.7248935103416443 21
1769076851109 0.7750213742256165 22
1769076861978 0.7298754453659058 23
1769076872725 0.7208698987960815 24
1769076883211 0.8071470856666565 25
1769076894639 0.8527387976646423 26
1769076905109 0.6704040169715881 27
1769076916754 0.7657982110977173 28
1769076926795 0.7170026898384094 29
1769076937351 0.5394405126571655 30
1769076948022 0.8483220934867859 31
1769076958722 0.7612800598144531 32
1769076969103 0.9345301985740662 33
1769076980107 0.7992075681686401 34
1769076990949 0.8065515160560608 35
1769077001649 1.0337817668914795 36
1769077012025 0.8138635158538818 37
1769077022914 0.705601155757904 38
1769077033357 0.62824946641922 39
1769077044122 0.7001588940620422 40
1769077054868 0.920947790145874 41
1769077065297 0.81755131483078 42
1769077076107 0.673450767993927 43
1769077086850 0.8583888411521912 44
1769077097667 0.7107476592063904 45
1769077108107 0.6916400194168091 46
1769077118819 0.5455414652824402 47
1769077129626 0.6191990375518799 48
1769077140674 0.6542130708694458 49
1769077151623 0.7445438504219055 50
1769077162140 0.6812718510627747 51
1769077172838 0.8163418769836426 52
1769077183446 0.646342396736145 53
1769077194153 0.6430058479309082 54
1769077204792 0.6353623270988464 55
1769077215474 0.7074060440063477 56
1769077226202 0.6497670412063599 57
1769077237084 0.5779740810394287 58
1769077248270 0.7057989239692688 59
1769077258800 0.5341086387634277 60
1769077269568 0.6603984236717224 61
1769077280613 0.5080856680870056 62
1769077290843 0.5852153897285461 63
1769077301532 0.5691618919372559 64
1769077311969 0.604034423828125 65
1769077318886 0.604034423828125 65
