1769076624370 1.140639066696167 1
1769076636124 1.1871906518936157 2
1769076646398 1.2558356523513794 3
1769076657111 1.025173306465149 4
1769076668187 1.2871756553649902 5
1769076678424 0.9595009088516235 6
1769076689598 1.0037168264389038 7
1769076700101 1.1777832508087158 8
1769076711223 1.6670570373535156 9
1769076721837 1.0412838459014893 10
1769076732387 0.972189724445343 11
1769076743176 0.896255373954773 12
1769076754196 0.9376643896102905 13
1769076764570 1.1047613620758057 14
1769076775597 0.9773848056793213 15
1769076786793 0.9783762693405151 16
1769076798166 1.0265802145004272 17
1769076808346 1.0041751861572266 18
1769076819041 1.343839406967163 19
1769076829858 1.1596803665161133 20
1769076840443 0.933670163154602 21
1769076851109 1.1058030128479004 22
1769076861978 1.1369123458862305 23
1769076872725 1.2085946798324585 24
1769076883211 0.8757998943328857 25
1769076894639 0.9070442914962769 26
1769076905109 1.034096598625183 27
1769076916754 0.9499711990356445 28
1769076926795 1.005514144897461 29
1769076937351 0.9700838327407837 30
1769076948022 0.9656295776367188 31
1769076958722 0.9946328401565552 32
1769076969103 0.9338158369064331 33
1769076980107 0.9080023765563965 34
1769076990949 1.2701737880706787 35
1769077001649 0.929551899433136 36
1769077012025 0.9490472674369812 37
1769077022914 0.9256022572517395 38
1769077033357 1.1134663820266724 39
1769077044122 1.00722074508667 40
1769077054868 0.9446141123771667 41
1769077065297 0.9563006162643433 42
1769077076107 1.081423282623291 43
1769077086850 0.8860154151916504 44
1769077097667 0.9641512632369995 45
1769077108107 0.9940415024757385 46
1769077118819 1.0088249444961548 47
1769077129626 1.057299017906189 48
1769077140674 1.0280457735061646 49
1769077151623 1.0193389654159546 50
1769077162140 1.0161163806915283 51
1769077172838 1.068220615386963 52
1769077183446 1.0102875232696533 53
1769077194153 0.8603012561798096 54
1769077204792 1.0158867835998535 55
1769077215474 0.8327270150184631 56
1769077226202 0.9459325075149536 57
1769077237084 0.9041221141815186 58
1769077248270 0.9668829441070557 59
1769077258800 0.9815682172775269 60
1769077269568 0.9082058668136597 61
1769077280613 0.8556080460548401 62
1769077290843 0.8092416524887085 63
1769077301532 0.969458818435669 64
1769077311969 0.8710924386978149 65
1769077318886 0.8710924386978149 65
