1769078898917 0.092071 1
1769078918406 0.29594400000000004 2
1769078937258 0.378356 3
1769078956299 0.427089 4
1769078975452 0.49812 5
1769078994376 0.526931 6
1769079013363 0.537713 7
1769079032204 0.541768 8
1769079051347 0.5588650000000001 9
1769079070384 0.576152 10
1769079089235 0.565177 11
1769079108336 0.582523 12
1769079127455 0.584558 13
1769079146044 0.567596 14
1769079165004 0.566338 15
1769079184224 0.6000850000000001 16
1769079203365 0.603083 17
1769079222046 0.556334 18
1769079240850 0.595523 19
1769079259760 0.594271 20
1769079278559 0.5935 21
1769079297367 0.5921719999999999 22
1769079316249 0.597093 23
1769079335056 0.596337 24
1769079353756 0.5669099999999999 25
1769079372666 0.586239 26
1769079391628 0.598221 27
1769079410602 0.596076 28
1769079429494 0.593486 29
1769079448284 0.595113 30
1769079467178 0.601661 31
1769079486031 0.59434 32
1769079504796 0.602728 33
1769079523725 0.596865 34
1769079542676 0.597348 35
1769079561521 0.60027 36
1769079580708 0.60973 37
1769079599474 0.607587 38
1769079618454 0.597342 39
1769079637271 0.5948410000000001 40
1769079656279 0.5946100000000001 41
1769079675029 0.585693 42
1769079693856 0.6042060000000001 43
1769079712711 0.6037100000000001 44
1769079731606 0.607133 45
1769079750412 0.599477 46
1769079769048 0.59521 47
1769079787821 0.6079530000000001 48
1769079806667 0.603484 49
1769079825842 0.6193240000000001 50
1769079844526 0.599279 51
1769079863257 0.614264 52
1769079882032 0.6142090000000001 53
1769079900818 0.619024 54
1769079919630 0.5975640000000001 55
1769079938461 0.5951700000000001 56
1769079957364 0.601155 57
1769079976134 0.600728 58
1769079995032 0.6014999999999999 59
1769080013806 0.599244 60
1769080032642 0.5992580000000001 61
1769080051472 0.5998410000000001 62
1769080070202 0.610397 63
1769080088986 0.605111 64
1769080107682 0.604306 65
1769080126565 0.5983210000000001 66
1769080145348 0.6065900000000001 67
1769080164131 0.6147960000000001 68
1769080183021 0.605886 69
1769080201990 0.5914980000000001 70
1769080220896 0.6034769999999999 71
1769080239644 0.6093310000000001 72
1769080258457 0.59138 73
1769080277301 0.6029570000000001 74
1769080295999 0.603971 75
1769080314948 0.599808 76
1769080333864 0.6006 77
1769080352658 0.6080110000000001 78
1769080371343 0.601139 79
1769080390082 0.601441 80
1769080398708 0.6196606455634153 80
