1769078898917 0.08509 1
1769078918406 0.26806 2
1769078937258 0.34103 3
1769078956299 0.3854 4
1769078975452 0.4525 5
1769078994376 0.48145 6
1769079013363 0.49062 7
1769079032204 0.49617 8
1769079051347 0.51373 9
1769079070384 0.53198 10
1769079089235 0.52081 11
1769079108336 0.53933 12
1769079127455 0.54119 13
1769079146044 0.52219 14
1769079165004 0.52179 15
1769079184224 0.55842 16
1769079203365 0.56116 17
1769079222046 0.51022 18
1769079240850 0.55249 19
1769079259760 0.55134 20
1769079278559 0.55051 21
1769079297367 0.55031 22
1769079316249 0.5547 23
1769079335056 0.5543 24
1769079353756 0.52099 25
1769079372666 0.54213 26
1769079391628 0.55555 27
1769079410602 0.55314 28
1769079429494 0.55008 29
1769079448284 0.55195 30
1769079467178 0.55972 31
1769079486031 0.55121 32
1769079504796 0.56023 33
1769079523725 0.55453 34
1769079542676 0.55421 35
1769079561521 0.55809 36
1769079580708 0.56802 37
1769079599474 0.56625 38
1769079618454 0.55524 39
1769079637271 0.55232 40
1769079656279 0.55203 41
1769079675029 0.5426 42
1769079693856 0.56205 43
1769079712711 0.56179 44
1769079731606 0.56499 45
1769079750412 0.55719 46
1769079769048 0.55215 47
1769079787821 0.56575 48
1769079806667 0.56129 49
1769079825842 0.57862 50
1769079844526 0.55653 51
1769079863257 0.57369 52
1769079882032 0.5731 53
1769079900818 0.57834 54
1769079919630 0.55515 55
1769079938461 0.55227 56
1769079957364 0.5587 57
1769079976134 0.55859 58
1769079995032 0.55851 59
1769080013806 0.5567 60
1769080032642 0.55629 61
1769080051472 0.55768 62
1769080070202 0.56883 63
1769080088986 0.56289 64
1769080107682 0.56221 65
1769080126565 0.55532 66
1769080145348 0.56449 67
1769080164131 0.57367 68
1769080183021 0.56388 69
1769080201990 0.54781 70
1769080220896 0.56134 71
1769080239644 0.56767 72
1769080258457 0.54803 73
1769080277301 0.56046 74
1769080295999 0.56264 75
1769080314948 0.55734 76
1769080333864 0.55832 77
1769080352658 0.56583 78
1769080371343 0.55819 79
1769080390082 0.55889 80
1769080398708 0.5790015657663438 80
