1769078898917 0.1549 1
1769078918406 0.5469 2
1769078937258 0.71429 3
1769078956299 0.80229 4
1769078975452 0.9087 5
1769078994376 0.93626 6
1769079013363 0.96155 7
1769079032204 0.95215 8
1769079051347 0.96508 9
1769079070384 0.9737 10
1769079089235 0.96448 11
1769079108336 0.97126 12
1769079127455 0.97487 13
1769079146044 0.97625 14
1769079165004 0.96727 15
1769079184224 0.97507 16
1769079203365 0.98039 17
1769079222046 0.97136 18
1769079240850 0.98282 19
1769079259760 0.98065 20
1769079278559 0.98041 21
1769079297367 0.96893 22
1769079316249 0.97863 23
1769079335056 0.97467 24
1769079353756 0.98019 25
1769079372666 0.98322 26
1769079391628 0.98226 27
1769079410602 0.9825 28
1769079429494 0.98414 29
1769079448284 0.98358 30
1769079467178 0.97913 31
1769079486031 0.98251 32
1769079504796 0.98521 33
1769079523725 0.97788 34
1769079542676 0.98559 35
1769079561521 0.97989 36
1769079580708 0.98512 37
1769079599474 0.97962 38
1769079618454 0.97626 39
1769079637271 0.97753 40
1769079656279 0.97783 41
1769079675029 0.97353 42
1769079693856 0.98361 43
1769079712711 0.98099 44
1769079731606 0.98642 45
1769079750412 0.98006 46
1769079769048 0.98275 47
1769079787821 0.98778 48
1769079806667 0.98323 49
1769079825842 0.98566 50
1769079844526 0.98402 51
1769079863257 0.97943 52
1769079882032 0.98419 53
1769079900818 0.98518 54
1769079919630 0.97929 55
1769079938461 0.98127 56
1769079957364 0.98325 57
1769079976134 0.97997 58
1769079995032 0.98841 59
1769080013806 0.98214 60
1769080032642 0.98597 61
1769080051472 0.97929 62
1769080070202 0.9845 63
1769080088986 0.9851 64
1769080107682 0.98317 65
1769080126565 0.98533 66
1769080145348 0.98549 67
1769080164131 0.98493 68
1769080183021 0.98394 69
1769080201990 0.98469 70
1769080220896 0.98271 71
1769080239644 0.98428 72
1769080258457 0.98153 73
1769080277301 0.98543 74
1769080295999 0.97595 75
1769080314948 0.98202 76
1769080333864 0.98112 77
1769080352658 0.98764 78
1769080371343 0.98768 79
1769080390082 0.9844 80
1769080398708 0.9855923637370588 80
